       0.00258654       0.00258654       0.00258654       0.00258654       0.00258654       0.00258654       0.00258654       0.00258654       0.00258654       0.00258654       0.00258654       0.00258654       0.00258654       0.00258654       0.00258654       0.00258654       0.00258654       0.00258654       0.00258654       0.00258654
       0.00258654       0.00258654       0.00258654       0.00258654       0.00258654       0.00258654       0.00258654       0.00258654       0.00258654       0.00258654       0.00258654       0.00258654       0.00258654       0.00258654       0.00258654       0.00258654       0.00258654       0.00258654       0.00258654       0.00258654
       0.00258654       0.00258654       0.00258654       0.00258654       0.00258654       0.00258654       0.00258654       0.00258654       0.00258654       0.00258654       0.00258654       0.00258654       0.00258654       0.00258654       0.00258654       0.00258654       0.00258654       0.00258654       0.00258654       0.00258654
       0.00258654       0.00258654       0.00258654       0.00258654       0.00258654       0.00258654       0.00258654       0.00258654       0.00258654       0.00258654       0.00258654       0.00258654       0.00258654       0.00258654       0.00258654       0.00258654       0.00258654       0.00258654       0.00258654       0.00258654
       0.00258654       0.00258654       0.00258654       0.00258654       0.00258654       0.00258654       0.00258654       0.00258654       0.00258654       0.00258654       0.00258654       0.00258654       0.00258654       0.00258654       0.00258654       0.00258654       0.00258654       0.00258654       0.00258654       0.00258654
       0.00258654       0.00258654       0.00258654       0.00258654       0.00258654       0.00258654       0.00258654       0.00258654       0.00258654       0.00258654       0.00258654       0.00258654       0.00258654       0.00258654       0.00258654       0.00258654       0.00258654       0.00258654       0.00258654       0.00258654
       0.00258654       0.00258654       0.00258654       0.00258654       0.00258654       0.00258654       0.00258654       0.00258654       0.00258654       0.00258654       0.00258654       0.00258654       0.00258654       0.00258654       0.00258654       0.00258654       0.00258654       0.00258654       0.00258654       0.00258654
       0.00258654       0.00258654       0.00258654       0.00258654       0.00258654       0.00258654       0.00258654       0.00258654       0.00258654       0.00258654       0.00258654       0.00258654       0.00258654       0.00258654       0.00258654       0.00258654       0.00258654       0.00258654       0.00258654       0.00258654
       0.00258654       0.00258654       0.00258654       0.00258654       0.00258654       0.00258654       0.00258654       0.00258654       0.00258654       0.00258654       0.00258654       0.00258654       0.00258654       0.00258654       0.00258654       0.00258654       0.00258654       0.00258654       0.00258654       0.00258654
       0.00258654       0.00258654       0.00258654       0.00258654       0.00258654       0.00258654       0.00258654       0.00258654       0.00258654       0.00258654       0.00258654       0.00258654       0.00258654       0.00258654       0.00258654       0.00258654       0.00258654       0.00258654       0.00258654       0.00258654
       0.00258654       0.00258654       0.00258654       0.00258654       0.00258654       0.00258654       0.00258654       0.00258654       0.00258654       0.00258654       0.00258654       0.00258654       0.00258654       0.00258654       0.00258654       0.00258654       0.00258654       0.00258654       0.00258654       0.00258654
       0.00258654       0.00258654       0.00258654       0.00258654       0.00258654       0.00258654       0.00258654       0.00258654       0.00258654       0.00258654       0.00258654       0.00258654       0.00258654       0.00258654       0.00258654       0.00258654       0.00258654       0.00258654       0.00258654       0.00258654
       0.00258654       0.00258654       0.00258654       0.00258654       0.00258654       0.00258654       0.00258654       0.00258654       0.00258654       0.00258654       0.00258654       0.00258654       0.00258654       0.00258654       0.00258654       0.00258654       0.00258654       0.00258654       0.00258654       0.00258654
       0.00258654       0.00258654       0.00258654       0.00258654       0.00258654       0.00258654       0.00258654       0.00258654       0.00258654       0.00258654       0.00258654       0.00258654       0.00258654       0.00258654       0.00258654       0.00258654       0.00258654       0.00258654       0.00258654       0.00258654
       0.00258654       0.00258654       0.00258654       0.00258654       0.00258654       0.00258654       0.00258654       0.00258654       0.00258654       0.00258654       0.00258654       0.00258654       0.00258654       0.00258654       0.00258654       0.00258654       0.00258654       0.00258654       0.00258654       0.00258654
       0.00258654       0.00258654       0.00258654       0.00258654       0.00258654       0.00258654       0.00258654       0.00258654       0.00258654       0.00258654       0.00258654       0.00258654       0.00258654       0.00258654       0.00258654       0.00258654       0.00258654       0.00258654       0.00258654       0.00258654
       0.00258654       0.00258654       0.00258654       0.00258654       0.00258654       0.00258654       0.00258654       0.00258654       0.00258654       0.00258654       0.00258654       0.00258654       0.00258654       0.00258654       0.00258654       0.00258654       0.00258654       0.00258654       0.00258654       0.00258654
       0.00258654       0.00258654       0.00258654       0.00258654       0.00258654       0.00258654       0.00258654       0.00258654       0.00258654       0.00258654       0.00258654       0.00258654       0.00258654       0.00258654       0.00258654       0.00258654       0.00258654       0.00258654       0.00258654       0.00258654
       0.00258654       0.00258654       0.00258654       0.00258654       0.00258654       0.00258654       0.00258654       0.00258654       0.00258654       0.00258654       0.00258654       0.00258654       0.00258654       0.00258654       0.00258654       0.00258654       0.00258654       0.00258654       0.00258654       0.00258654
       0.00258654       0.00258654       0.00258654       0.00258654       0.00258654       0.00258654       0.00258654       0.00258654       0.00258654       0.00258654       0.00258654       0.00258654       0.00258654       0.00258654       0.00258654       0.00258654       0.00258654       0.00258654       0.00258654       0.00258654
       0.00258654       0.00258654       0.00258654       0.00258654       0.00258654       0.00258654       0.00258654       0.00258654       0.00258654       0.00258654       0.00258654       0.00258654       0.00258654       0.00258654       0.00258654       0.00258654       0.00258654       0.00258654       0.00258654       0.00258654
       0.00258654       0.00258654       0.00258654       0.00258654       0.00258654       0.00258654       0.00258654       0.00258654       0.00258654       0.00258654       0.00258654       0.00258654       0.00258654       0.00258654       0.00258654       0.00258654       0.00258654       0.00258654       0.00258654       0.00258654
       0.00258654       0.00258654       0.00258654       0.00258654       0.00258654       0.00258654       0.00258654       0.00258654       0.00258654       0.00258654       0.00258654       0.00258654       0.00258654       0.00258654       0.00258654       0.00258654       0.00258654       0.00258654       0.00258654       0.00258654
       0.00258654       0.00258654       0.00258654       0.00258654       0.00258654       0.00258654       0.00258654       0.00258654       0.00258654       0.00258654       0.00258654       0.00258654       0.00258654       0.00258654       0.00258654       0.00258654       0.00258654       0.00258654       0.00258654       0.00258654
       0.00258654       0.00258654       0.00258654       0.00258654       0.00258654       0.00258654       0.00258654       0.00258654       0.00258654       0.00258654       0.00258654       0.00258654       0.00258654       0.00258654       0.00258654       0.00258654       0.00258654       0.00258654       0.00258654       0.00258654
       0.00258654       0.00258654       0.00258654       0.00258654       0.00258654       0.00258654       0.00258654       0.00258654       0.00258654       0.00258654       0.00258654       0.00258654       0.00258654       0.00258654       0.00258654       0.00258654       0.00258654       0.00258654       0.00258654       0.00258654
       0.00258654       0.00258654       0.00258654       0.00258654       0.00258654       0.00258654       0.00258654       0.00258654       0.00258654       0.00258654       0.00258654       0.00258654       0.00258654       0.00258654       0.00258654       0.00258654       0.00258654       0.00258654       0.00258654       0.00258654
       0.00258654       0.00258654       0.00258654       0.00258654       0.00258654       0.00258654       0.00258654       0.00258654       0.00258654       0.00258654       0.00258654       0.00258654       0.00258654       0.00258654       0.00258654       0.00258654       0.00258654       0.00258654       0.00258654       0.00258654
       0.00258654       0.00258654       0.00258654       0.00258654       0.00258654       0.00258654       0.00258654       0.00258654       0.00258654       0.00258654       0.00258654       0.00258654       0.00258654       0.00258654       0.00258654       0.00258654       0.00258654       0.00258654       0.00258654       0.00258654
       0.00258654       0.00258654       0.00258654       0.00258654       0.00258654       0.00258654       0.00258654       0.00258654       0.00258654       0.00258654       0.00258654       0.00258654       0.00258654       0.00258654       0.00258654       0.00258654       0.00258654       0.00258654       0.00258654       0.00258654
       0.00258654       0.00258654       0.00258654       0.00258654       0.00258654       0.00258654       0.00258654       0.00258654       0.00258654       0.00258654       0.00258654       0.00258654       0.00258654       0.00258654       0.00258654       0.00258654       0.00258654       0.00258654       0.00258654       0.00258654
       0.00258654       0.00258654       0.00258654       0.00258654       0.00258654       0.00258654       0.00258654       0.00258654       0.00258654       0.00258654       0.00258654       0.00258654       0.00258654       0.00258654       0.00258654       0.00258654       0.00258654       0.00258654       0.00258654       0.00258654
       0.00258654       0.00258654       0.00258654       0.00258654       0.00258654       0.00258654       0.00258654       0.00258654       0.00258654       0.00258654       0.00258654       0.00258654       0.00258654       0.00258654       0.00258654       0.00258654       0.00258654       0.00258654       0.00258654       0.00258654
       0.00258654       0.00258654       0.00258654       0.00258654       0.00258654       0.00258654       0.00258654       0.00258654       0.00258654       0.00258654       0.00258654       0.00258654       0.00258654       0.00258654       0.00258654       0.00258654       0.00258654       0.00258654       0.00258654       0.00258654
       0.00258654       0.00258654       0.00258654       0.00258654       0.00258654       0.00258654       0.00258654       0.00258654       0.00258654       0.00258654       0.00258654       0.00258654       0.00258654       0.00258654       0.00258654       0.00258654       0.00258654       0.00258654       0.00258654       0.00258654
       0.00258654       0.00258654       0.00258654       0.00258654       0.00258654       0.00258654       0.00258654       0.00258654       0.00258654       0.00258654       0.00258654       0.00258654       0.00258654       0.00258654       0.00258654       0.00258654       0.00258654       0.00258654       0.00258654       0.00258654
       0.00258654       0.00258654       0.00258654       0.00258654       0.00258654       0.00258654       0.00258654       0.00258654       0.00258654       0.00258654       0.00258654       0.00258654       0.00258654       0.00258654       0.00258654       0.00258654       0.00258654       0.00258654       0.00258654       0.00258654
       0.00258654       0.00258654       0.00258654       0.00258654       0.00258654       0.00258654       0.00258654       0.00258654       0.00258654       0.00258654       0.00258654       0.00258654       0.00258654       0.00258654       0.00258654       0.00258654       0.00258654       0.00258654       0.00258654       0.00258654
       0.00258654       0.00258654       0.00258654       0.00258654       0.00258654       0.00258654       0.00258654       0.00258654       0.00258654       0.00258654       0.00258654       0.00258654       0.00258654       0.00258654       0.00258654       0.00258654       0.00258654       0.00258654       0.00258654       0.00258654
       0.00258654       0.00258654       0.00258654       0.00258654       0.00258654       0.00258654       0.00258654       0.00258654       0.00258654       0.00258654       0.00258654       0.00258654       0.00258654       0.00258654       0.00258654       0.00258654       0.00258654       0.00258654       0.00258654       0.00258654
