       0.00151941       0.00151941       0.00151941       0.00151941       0.00151941       0.00151941       0.00151941       0.00151941       0.00151941       0.00151941       0.00151941       0.00151941       0.00151941       0.00151941       0.00151941       0.00151941       0.00151941       0.00151941       0.00151941       0.00151941
       0.00151941       0.00151941       0.00151941       0.00151941       0.00151941       0.00151941       0.00151941       0.00151941       0.00151941       0.00151941       0.00151941       0.00151941       0.00151941       0.00151941       0.00151941       0.00151941       0.00151941       0.00151941       0.00151941       0.00151941
       0.00151941       0.00151941       0.00151941       0.00151941       0.00151941       0.00151941       0.00151941       0.00151941       0.00151941       0.00151941       0.00151941       0.00151941       0.00151941       0.00151941       0.00151941       0.00151941       0.00151941       0.00151941       0.00151941       0.00151941
       0.00151941       0.00151941       0.00151941       0.00151941       0.00151941       0.00151941       0.00151941       0.00151941       0.00151941       0.00151941       0.00151941       0.00151941       0.00151941       0.00151941       0.00151941       0.00151941       0.00151941       0.00151941       0.00151941       0.00151941
       0.00151941       0.00151941       0.00151941       0.00151941       0.00151941       0.00151941       0.00151941       0.00151941       0.00151941       0.00151941       0.00151941       0.00151941       0.00151941       0.00151941       0.00151941       0.00151941       0.00151941       0.00151941       0.00151941       0.00151941
       0.00151941       0.00151941       0.00151941       0.00151941       0.00151941       0.00151941       0.00151941       0.00151941       0.00151941       0.00151941       0.00151941       0.00151941       0.00151941       0.00151941       0.00151941       0.00151941       0.00151941       0.00151941       0.00151941       0.00151941
       0.00151941       0.00151941       0.00151941       0.00151941       0.00151941       0.00151941       0.00151941       0.00151941       0.00151941       0.00151941       0.00151941       0.00151941       0.00151941       0.00151941       0.00151941       0.00151941       0.00151941       0.00151941       0.00151941       0.00151941
       0.00151941       0.00151941       0.00151941       0.00151941       0.00151941       0.00151941       0.00151941       0.00151941       0.00151941       0.00151941       0.00151941       0.00151941       0.00151941       0.00151941       0.00151941       0.00151941       0.00151941       0.00151941       0.00151941       0.00151941
       0.00151941       0.00151941       0.00151941       0.00151941       0.00151941       0.00151941       0.00151941       0.00151941       0.00151941       0.00151941       0.00151941       0.00151941       0.00151941       0.00151941       0.00151941       0.00151941       0.00151941       0.00151941       0.00151941       0.00151941
       0.00151941       0.00151941       0.00151941       0.00151941       0.00151941       0.00151941       0.00151941       0.00151941       0.00151941       0.00151941       0.00151941       0.00151941       0.00151941       0.00151941       0.00151941       0.00151941       0.00151941       0.00151941       0.00151941       0.00151941
       0.00151941       0.00151941       0.00151941       0.00151941       0.00151941       0.00151941       0.00151941       0.00151941       0.00151941       0.00151941       0.00151941       0.00151941       0.00151941       0.00151941       0.00151941       0.00151941       0.00151941       0.00151941       0.00151941       0.00151941
       0.00151941       0.00151941       0.00151941       0.00151941       0.00151941       0.00151941       0.00151941       0.00151941       0.00151941       0.00151941       0.00151941       0.00151941       0.00151941       0.00151941       0.00151941       0.00151941       0.00151941       0.00151941       0.00151941       0.00151941
       0.00151941       0.00151941       0.00151941       0.00151941       0.00151941       0.00151941       0.00151941       0.00151941       0.00151941       0.00151941       0.00151941       0.00151941       0.00151941       0.00151941       0.00151941       0.00151941       0.00151941       0.00151941       0.00151941       0.00151941
       0.00151941       0.00151941       0.00151941       0.00151941       0.00151941       0.00151941       0.00151941       0.00151941       0.00151941       0.00151941       0.00151941       0.00151941       0.00151941       0.00151941       0.00151941       0.00151941       0.00151941       0.00151941       0.00151941       0.00151941
       0.00151941       0.00151941       0.00151941       0.00151941       0.00151941       0.00151941       0.00151941       0.00151941       0.00151941       0.00151941       0.00151941       0.00151941       0.00151941       0.00151941       0.00151941       0.00151941       0.00151941       0.00151941       0.00151941       0.00151941
       0.00151941       0.00151941       0.00151941       0.00151941       0.00151941       0.00151941       0.00151941       0.00151941       0.00151941       0.00151941       0.00151941       0.00151941       0.00151941       0.00151941       0.00151941       0.00151941       0.00151941       0.00151941       0.00151941       0.00151941
       0.00151941       0.00151941       0.00151941       0.00151941       0.00151941       0.00151941       0.00151941       0.00151941       0.00151941       0.00151941       0.00151941       0.00151941       0.00151941       0.00151941       0.00151941       0.00151941       0.00151941       0.00151941       0.00151941       0.00151941
       0.00151941       0.00151941       0.00151941       0.00151941       0.00151941       0.00151941       0.00151941       0.00151941       0.00151941       0.00151941       0.00151941       0.00151941       0.00151941       0.00151941       0.00151941       0.00151941       0.00151941       0.00151941       0.00151941       0.00151941
       0.00151941       0.00151941       0.00151941       0.00151941       0.00151941       0.00151941       0.00151941       0.00151941       0.00151941       0.00151941       0.00151941       0.00151941       0.00151941       0.00151941       0.00151941       0.00151941       0.00151941       0.00151941       0.00151941       0.00151941
       0.00151941       0.00151941       0.00151941       0.00151941       0.00151941       0.00151941       0.00151941       0.00151941       0.00151941       0.00151941       0.00151941       0.00151941       0.00151941       0.00151941       0.00151941       0.00151941       0.00151941       0.00151941       0.00151941       0.00151941
       0.00151941       0.00151941       0.00151941       0.00151941       0.00151941       0.00151941       0.00151941       0.00151941       0.00151941       0.00151941       0.00151941       0.00151941       0.00151941       0.00151941       0.00151941       0.00151941       0.00151941       0.00151941       0.00151941       0.00151941
       0.00151941       0.00151941       0.00151941       0.00151941       0.00151941       0.00151941       0.00151941       0.00151941       0.00151941       0.00151941       0.00151941       0.00151941       0.00151941       0.00151941       0.00151941       0.00151941       0.00151941       0.00151941       0.00151941       0.00151941
       0.00151941       0.00151941       0.00151941       0.00151941       0.00151941       0.00151941       0.00151941       0.00151941       0.00151941       0.00151941       0.00151941       0.00151941       0.00151941       0.00151941       0.00151941       0.00151941       0.00151941       0.00151941       0.00151941       0.00151941
       0.00151941       0.00151941       0.00151941       0.00151941       0.00151941       0.00151941       0.00151941       0.00151941       0.00151941       0.00151941       0.00151941       0.00151941       0.00151941       0.00151941       0.00151941       0.00151941       0.00151941       0.00151941       0.00151941       0.00151941
       0.00151941       0.00151941       0.00151941       0.00151941       0.00151941       0.00151941       0.00151941       0.00151941       0.00151941       0.00151941       0.00151941       0.00151941       0.00151941       0.00151941       0.00151941       0.00151941       0.00151941       0.00151941       0.00151941       0.00151941
       0.00151941       0.00151941       0.00151941       0.00151941       0.00151941       0.00151941       0.00151941       0.00151941       0.00151941       0.00151941       0.00151941       0.00151941       0.00151941       0.00151941       0.00151941       0.00151941       0.00151941       0.00151941       0.00151941       0.00151941
       0.00151941       0.00151941       0.00151941       0.00151941       0.00151941       0.00151941       0.00151941       0.00151941       0.00151941       0.00151941       0.00151941       0.00151941       0.00151941       0.00151941       0.00151941       0.00151941       0.00151941       0.00151941       0.00151941       0.00151941
       0.00151941       0.00151941       0.00151941       0.00151941       0.00151941       0.00151941       0.00151941       0.00151941       0.00151941       0.00151941       0.00151941       0.00151941       0.00151941       0.00151941       0.00151941       0.00151941       0.00151941       0.00151941       0.00151941       0.00151941
       0.00151941       0.00151941       0.00151941       0.00151941       0.00151941       0.00151941       0.00151941       0.00151941       0.00151941       0.00151941       0.00151941       0.00151941       0.00151941       0.00151941       0.00151941       0.00151941       0.00151941       0.00151941       0.00151941       0.00151941
       0.00151941       0.00151941       0.00151941       0.00151941       0.00151941       0.00151941       0.00151941       0.00151941       0.00151941       0.00151941       0.00151941       0.00151941       0.00151941       0.00151941       0.00151941       0.00151941       0.00151941       0.00151941       0.00151941       0.00151941
       0.00151941       0.00151941       0.00151941       0.00151941       0.00151941       0.00151941       0.00151941       0.00151941       0.00151941       0.00151941       0.00151941       0.00151941       0.00151941       0.00151941       0.00151941       0.00151941       0.00151941       0.00151941       0.00151941       0.00151941
       0.00151941       0.00151941       0.00151941       0.00151941       0.00151941       0.00151941       0.00151941       0.00151941       0.00151941       0.00151941       0.00151941       0.00151941       0.00151941       0.00151941       0.00151941       0.00151941       0.00151941       0.00151941       0.00151941       0.00151941
       0.00151941       0.00151941       0.00151941       0.00151941       0.00151941       0.00151941       0.00151941       0.00151941       0.00151941       0.00151941       0.00151941       0.00151941       0.00151941       0.00151941       0.00151941       0.00151941       0.00151941       0.00151941       0.00151941       0.00151941
       0.00151941       0.00151941       0.00151941       0.00151941       0.00151941       0.00151941       0.00151941       0.00151941       0.00151941       0.00151941       0.00151941       0.00151941       0.00151941       0.00151941       0.00151941       0.00151941       0.00151941       0.00151941       0.00151941       0.00151941
       0.00151941       0.00151941       0.00151941       0.00151941       0.00151941       0.00151941       0.00151941       0.00151941       0.00151941       0.00151941       0.00151941       0.00151941       0.00151941       0.00151941       0.00151941       0.00151941       0.00151941       0.00151941       0.00151941       0.00151941
       0.00151941       0.00151941       0.00151941       0.00151941       0.00151941       0.00151941       0.00151941       0.00151941       0.00151941       0.00151941       0.00151941       0.00151941       0.00151941       0.00151941       0.00151941       0.00151941       0.00151941       0.00151941       0.00151941       0.00151941
       0.00151941       0.00151941       0.00151941       0.00151941       0.00151941       0.00151941       0.00151941       0.00151941       0.00151941       0.00151941       0.00151941       0.00151941       0.00151941       0.00151941       0.00151941       0.00151941       0.00151941       0.00151941       0.00151941       0.00151941
       0.00151941       0.00151941       0.00151941       0.00151941       0.00151941       0.00151941       0.00151941       0.00151941       0.00151941       0.00151941       0.00151941       0.00151941       0.00151941       0.00151941       0.00151941       0.00151941       0.00151941       0.00151941       0.00151941       0.00151941
       0.00151941       0.00151941       0.00151941       0.00151941       0.00151941       0.00151941       0.00151941       0.00151941       0.00151941       0.00151941       0.00151941       0.00151941       0.00151941       0.00151941       0.00151941       0.00151941       0.00151941       0.00151941       0.00151941       0.00151941
       0.00151941       0.00151941       0.00151941       0.00151941       0.00151941       0.00151941       0.00151941       0.00151941       0.00151941       0.00151941       0.00151941       0.00151941       0.00151941       0.00151941       0.00151941       0.00151941       0.00151941       0.00151941       0.00151941       0.00151941
