  1  1 1 16      50.00000000       1.00000000       0.00681903      61.15885000       1.00000000       1.00000000  0.03  1       1.00000000  0  headwater
  2  1 2 16      50.00000000       1.00000000       0.00681903      60.80915641       1.00000000       1.00000000  0.03  2       1.00000000  0  headwater
  3  1 3 16      50.00000000       1.00000000       0.00681903      60.45946282       1.00000000       1.00000000  0.03  2       1.00000000  0  headwater
  4  1 4 16      50.00000000       1.00000000       0.00681903      60.10976923       1.00000000       1.00000000  0.03  2       1.00000000  0  headwater
  5  1 5 16      50.00000000       1.00000000       0.00681903      59.76007564       1.00000000       1.00000000  0.03  2       1.00000000  0  headwater
  6  1 6 16      50.00000000       1.00000000       0.00681903      59.41038205       1.00000000       1.00000000  0.03  2       1.00000000  0  headwater
  7  1 7 16      50.00000000       1.00000000       0.00681903      59.06068846       1.00000000       1.00000000  0.03  2       1.00000000  0  headwater
  8  1 8 16      50.00000000       1.00000000       0.00681903      58.71099487       1.00000000       1.00000000  0.03  2       1.00000000  0  headwater
  9  1 9 16      50.00000000       1.00000000       0.00681903      58.36130128       1.00000000       1.00000000  0.03  2       1.00000000  0  headwater
  10  1 10 16      50.00000000       1.00000000       0.00681903      58.01160769       1.00000000       1.00000000  0.03  2       1.00000000  0  headwater
  11  1 11 16      50.00000000       1.00000000       0.00681903      57.66191410       1.00000000       1.00000000  0.03  2       1.00000000  0  headwater
  12  1 12 16      50.00000000       1.00000000       0.00681903      57.31222051       1.00000000       1.00000000  0.03  2       1.00000000  0  headwater
  13  1 13 16      50.00000000       1.00000000       0.00681903      56.96252692       1.00000000       1.00000000  0.03  2       1.00000000  0  headwater
  14  1 14 16      50.00000000       1.00000000       0.00681903      56.61283333       1.00000000       1.00000000  0.03  2       1.00000000  0  headwater
  15  1 15 16      50.00000000       1.00000000       0.00681903      56.26313974       1.00000000       1.00000000  0.03  2       1.00000000  0  headwater
  16  1 16 16      50.00000000       1.00000000       0.00681903      55.91344615       1.00000000       1.00000000  0.03  2       1.00000000  0  headwater
  17  1 17 16      50.00000000       1.00000000       0.00681903      55.56375256       1.00000000       1.00000000  0.03  2       1.00000000  0  headwater
  18  1 18 16      50.00000000       1.00000000       0.00681903      55.21405897       1.00000000       1.00000000  0.03  2       1.00000000  0  headwater
  19  1 19 16      50.00000000       1.00000000       0.00681903      54.86436538       1.00000000       1.00000000  0.03  2       1.00000000  0  headwater
  20  1 20 16      50.00000000       1.00000000       0.00681903      54.51467179       1.00000000       1.00000000  0.03  2       1.00000000  0  headwater
  21  1 21 16      50.00000000       1.00000000       0.00681903      54.16497821       1.00000000       1.00000000  0.03  2       1.00000000  0  headwater
  22  1 22 16      50.00000000       1.00000000       0.00681903      53.81528462       1.00000000       1.00000000  0.03  2       1.00000000  0  tailwater
  23  1 23 16      50.00000000       1.00000000       0.00681903      53.46559103       1.00000000       1.00000000  0.03  2       1.00000000  0  tailwater
  24  1 24 16      50.00000000       1.00000000       0.00681903      53.11589744       1.00000000       1.00000000  0.03  2       1.00000000  0  tailwater
  25  1 25 16      50.00000000       1.00000000       0.00681903      52.76620385       1.00000000       1.00000000  0.03  2       1.00000000  0  tailwater
  26  1 26 16      50.00000000       1.00000000       0.00681903      52.41651026       1.00000000       1.00000000  0.03  2       1.00000000  0  tailwater
  27  1 27 16      50.00000000       1.00000000       0.00681903      52.06681667       1.00000000       1.00000000  0.03  2       1.00000000  0  tailwater
  28  1 28 16      50.00000000       1.00000000       0.00681903      51.71712308       1.00000000       1.00000000  0.03  2       1.00000000  0  tailwater
  29  1 29 16      50.00000000       1.00000000       0.00681903      51.36742949       1.00000000       1.00000000  0.03  2       1.00000000  0  tailwater
  30  1 30 16      50.00000000       1.00000000       0.00681903      51.01773590       1.00000000       1.00000000  0.03  2       1.00000000  0  tailwater
  31  1 31 16      50.00000000       1.00000000       0.00681903      50.66804231       1.00000000       1.00000000  0.03  2       1.00000000  0  tailwater
  32  1 32 16      50.00000000       1.00000000       0.00681903      50.31834872       1.00000000       1.00000000  0.03  2       1.00000000  0  tailwater
  33  1 33 16      50.00000000       1.00000000       0.00681903      49.96865513       1.00000000       1.00000000  0.03  2       1.00000000  0  tailwater
  34  1 34 16      50.00000000       1.00000000       0.00681903      49.61896154       1.00000000       1.00000000  0.03  2       1.00000000  0  tailwater
  35  1 35 16      50.00000000       1.00000000       0.00681903      49.26926795       1.00000000       1.00000000  0.03  2       1.00000000  0  tailwater
  36  1 36 16      50.00000000       1.00000000       0.00681903      48.91957436       1.00000000       1.00000000  0.03  2       1.00000000  0  tailwater
  37  1 37 16      50.00000000       1.00000000       0.00681903      48.56988077       1.00000000       1.00000000  0.03  2       1.00000000  0  tailwater
  38  1 38 16      50.00000000       1.00000000       0.00681903      48.22018718       1.00000000       1.00000000  0.03  2       1.00000000  0  tailwater
  39  1 39 16      50.00000000       1.00000000       0.00681903      47.87049359       1.00000000       1.00000000  0.03  2       1.00000000  0  tailwater
  40  1 40 16      50.00000000       1.00000000       0.00681903      47.52080000       1.00000000       1.00000000  0.03  1       1.00000000  0  tailwater
