       0.00241917       0.00241917       0.00241917       0.00241917       0.00241917       0.00241917       0.00241917       0.00241917       0.00241917       0.00241917       0.00241917       0.00241917       0.00241917       0.00241917       0.00241917       0.00241917       0.00241917       0.00241917       0.00241917       0.00241917
       0.00241917       0.00241917       0.00241917       0.00241917       0.00241917       0.00241917       0.00241917       0.00241917       0.00241917       0.00241917       0.00241917       0.00241917       0.00241917       0.00241917       0.00241917       0.00241917       0.00241917       0.00241917       0.00241917       0.00241917
       0.00241917       0.00241917       0.00241917       0.00241917       0.00241917       0.00241917       0.00241917       0.00241917       0.00241917       0.00241917       0.00241917       0.00241917       0.00241917       0.00241917       0.00241917       0.00241917       0.00241917       0.00241917       0.00241917       0.00241917
       0.00241917       0.00241917       0.00241917       0.00241917       0.00241917       0.00241917       0.00241917       0.00241917       0.00241917       0.00241917       0.00241917       0.00241917       0.00241917       0.00241917       0.00241917       0.00241917       0.00241917       0.00241917       0.00241917       0.00241917
       0.00241917       0.00241917       0.00241917       0.00241917       0.00241917       0.00241917       0.00241917       0.00241917       0.00241917       0.00241917       0.00241917       0.00241917       0.00241917       0.00241917       0.00241917       0.00241917       0.00241917       0.00241917       0.00241917       0.00241917
       0.00241917       0.00241917       0.00241917       0.00241917       0.00241917       0.00241917       0.00241917       0.00241917       0.00241917       0.00241917       0.00241917       0.00241917       0.00241917       0.00241917       0.00241917       0.00241917       0.00241917       0.00241917       0.00241917       0.00241917
       0.00241917       0.00241917       0.00241917       0.00241917       0.00241917       0.00241917       0.00241917       0.00241917       0.00241917       0.00241917       0.00241917       0.00241917       0.00241917       0.00241917       0.00241917       0.00241917       0.00241917       0.00241917       0.00241917       0.00241917
       0.00241917       0.00241917       0.00241917       0.00241917       0.00241917       0.00241917       0.00241917       0.00241917       0.00241917       0.00241917       0.00241917       0.00241917       0.00241917       0.00241917       0.00241917       0.00241917       0.00241917       0.00241917       0.00241917       0.00241917
       0.00241917       0.00241917       0.00241917       0.00241917       0.00241917       0.00241917       0.00241917       0.00241917       0.00241917       0.00241917       0.00241917       0.00241917       0.00241917       0.00241917       0.00241917       0.00241917       0.00241917       0.00241917       0.00241917       0.00241917
       0.00241917       0.00241917       0.00241917       0.00241917       0.00241917       0.00241917       0.00241917       0.00241917       0.00241917       0.00241917       0.00241917       0.00241917       0.00241917       0.00241917       0.00241917       0.00241917       0.00241917       0.00241917       0.00241917       0.00241917
       0.00241917       0.00241917       0.00241917       0.00241917       0.00241917       0.00241917       0.00241917       0.00241917       0.00241917       0.00241917       0.00241917       0.00241917       0.00241917       0.00241917       0.00241917       0.00241917       0.00241917       0.00241917       0.00241917       0.00241917
       0.00241917       0.00241917       0.00241917       0.00241917       0.00241917       0.00241917       0.00241917       0.00241917       0.00241917       0.00241917       0.00241917       0.00241917       0.00241917       0.00241917       0.00241917       0.00241917       0.00241917       0.00241917       0.00241917       0.00241917
       0.00241917       0.00241917       0.00241917       0.00241917       0.00241917       0.00241917       0.00241917       0.00241917       0.00241917       0.00241917       0.00241917       0.00241917       0.00241917       0.00241917       0.00241917       0.00241917       0.00241917       0.00241917       0.00241917       0.00241917
       0.00241917       0.00241917       0.00241917       0.00241917       0.00241917       0.00241917       0.00241917       0.00241917       0.00241917       0.00241917       0.00241917       0.00241917       0.00241917       0.00241917       0.00241917       0.00241917       0.00241917       0.00241917       0.00241917       0.00241917
       0.00241917       0.00241917       0.00241917       0.00241917       0.00241917       0.00241917       0.00241917       0.00241917       0.00241917       0.00241917       0.00241917       0.00241917       0.00241917       0.00241917       0.00241917       0.00241917       0.00241917       0.00241917       0.00241917       0.00241917
       0.00241917       0.00241917       0.00241917       0.00241917       0.00241917       0.00241917       0.00241917       0.00241917       0.00241917       0.00241917       0.00241917       0.00241917       0.00241917       0.00241917       0.00241917       0.00241917       0.00241917       0.00241917       0.00241917       0.00241917
       0.00241917       0.00241917       0.00241917       0.00241917       0.00241917       0.00241917       0.00241917       0.00241917       0.00241917       0.00241917       0.00241917       0.00241917       0.00241917       0.00241917       0.00241917       0.00241917       0.00241917       0.00241917       0.00241917       0.00241917
       0.00241917       0.00241917       0.00241917       0.00241917       0.00241917       0.00241917       0.00241917       0.00241917       0.00241917       0.00241917       0.00241917       0.00241917       0.00241917       0.00241917       0.00241917       0.00241917       0.00241917       0.00241917       0.00241917       0.00241917
       0.00241917       0.00241917       0.00241917       0.00241917       0.00241917       0.00241917       0.00241917       0.00241917       0.00241917       0.00241917       0.00241917       0.00241917       0.00241917       0.00241917       0.00241917       0.00241917       0.00241917       0.00241917       0.00241917       0.00241917
       0.00241917       0.00241917       0.00241917       0.00241917       0.00241917       0.00241917       0.00241917       0.00241917       0.00241917       0.00241917       0.00241917       0.00241917       0.00241917       0.00241917       0.00241917       0.00241917       0.00241917       0.00241917       0.00241917       0.00241917
       0.00241917       0.00241917       0.00241917       0.00241917       0.00241917       0.00241917       0.00241917       0.00241917       0.00241917       0.00241917       0.00241917       0.00241917       0.00241917       0.00241917       0.00241917       0.00241917       0.00241917       0.00241917       0.00241917       0.00241917
       0.00241917       0.00241917       0.00241917       0.00241917       0.00241917       0.00241917       0.00241917       0.00241917       0.00241917       0.00241917       0.00241917       0.00241917       0.00241917       0.00241917       0.00241917       0.00241917       0.00241917       0.00241917       0.00241917       0.00241917
       0.00241917       0.00241917       0.00241917       0.00241917       0.00241917       0.00241917       0.00241917       0.00241917       0.00241917       0.00241917       0.00241917       0.00241917       0.00241917       0.00241917       0.00241917       0.00241917       0.00241917       0.00241917       0.00241917       0.00241917
       0.00241917       0.00241917       0.00241917       0.00241917       0.00241917       0.00241917       0.00241917       0.00241917       0.00241917       0.00241917       0.00241917       0.00241917       0.00241917       0.00241917       0.00241917       0.00241917       0.00241917       0.00241917       0.00241917       0.00241917
       0.00241917       0.00241917       0.00241917       0.00241917       0.00241917       0.00241917       0.00241917       0.00241917       0.00241917       0.00241917       0.00241917       0.00241917       0.00241917       0.00241917       0.00241917       0.00241917       0.00241917       0.00241917       0.00241917       0.00241917
       0.00241917       0.00241917       0.00241917       0.00241917       0.00241917       0.00241917       0.00241917       0.00241917       0.00241917       0.00241917       0.00241917       0.00241917       0.00241917       0.00241917       0.00241917       0.00241917       0.00241917       0.00241917       0.00241917       0.00241917
       0.00241917       0.00241917       0.00241917       0.00241917       0.00241917       0.00241917       0.00241917       0.00241917       0.00241917       0.00241917       0.00241917       0.00241917       0.00241917       0.00241917       0.00241917       0.00241917       0.00241917       0.00241917       0.00241917       0.00241917
       0.00241917       0.00241917       0.00241917       0.00241917       0.00241917       0.00241917       0.00241917       0.00241917       0.00241917       0.00241917       0.00241917       0.00241917       0.00241917       0.00241917       0.00241917       0.00241917       0.00241917       0.00241917       0.00241917       0.00241917
       0.00241917       0.00241917       0.00241917       0.00241917       0.00241917       0.00241917       0.00241917       0.00241917       0.00241917       0.00241917       0.00241917       0.00241917       0.00241917       0.00241917       0.00241917       0.00241917       0.00241917       0.00241917       0.00241917       0.00241917
       0.00241917       0.00241917       0.00241917       0.00241917       0.00241917       0.00241917       0.00241917       0.00241917       0.00241917       0.00241917       0.00241917       0.00241917       0.00241917       0.00241917       0.00241917       0.00241917       0.00241917       0.00241917       0.00241917       0.00241917
       0.00241917       0.00241917       0.00241917       0.00241917       0.00241917       0.00241917       0.00241917       0.00241917       0.00241917       0.00241917       0.00241917       0.00241917       0.00241917       0.00241917       0.00241917       0.00241917       0.00241917       0.00241917       0.00241917       0.00241917
       0.00241917       0.00241917       0.00241917       0.00241917       0.00241917       0.00241917       0.00241917       0.00241917       0.00241917       0.00241917       0.00241917       0.00241917       0.00241917       0.00241917       0.00241917       0.00241917       0.00241917       0.00241917       0.00241917       0.00241917
       0.00241917       0.00241917       0.00241917       0.00241917       0.00241917       0.00241917       0.00241917       0.00241917       0.00241917       0.00241917       0.00241917       0.00241917       0.00241917       0.00241917       0.00241917       0.00241917       0.00241917       0.00241917       0.00241917       0.00241917
       0.00241917       0.00241917       0.00241917       0.00241917       0.00241917       0.00241917       0.00241917       0.00241917       0.00241917       0.00241917       0.00241917       0.00241917       0.00241917       0.00241917       0.00241917       0.00241917       0.00241917       0.00241917       0.00241917       0.00241917
       0.00241917       0.00241917       0.00241917       0.00241917       0.00241917       0.00241917       0.00241917       0.00241917       0.00241917       0.00241917       0.00241917       0.00241917       0.00241917       0.00241917       0.00241917       0.00241917       0.00241917       0.00241917       0.00241917       0.00241917
       0.00241917       0.00241917       0.00241917       0.00241917       0.00241917       0.00241917       0.00241917       0.00241917       0.00241917       0.00241917       0.00241917       0.00241917       0.00241917       0.00241917       0.00241917       0.00241917       0.00241917       0.00241917       0.00241917       0.00241917
       0.00241917       0.00241917       0.00241917       0.00241917       0.00241917       0.00241917       0.00241917       0.00241917       0.00241917       0.00241917       0.00241917       0.00241917       0.00241917       0.00241917       0.00241917       0.00241917       0.00241917       0.00241917       0.00241917       0.00241917
       0.00241917       0.00241917       0.00241917       0.00241917       0.00241917       0.00241917       0.00241917       0.00241917       0.00241917       0.00241917       0.00241917       0.00241917       0.00241917       0.00241917       0.00241917       0.00241917       0.00241917       0.00241917       0.00241917       0.00241917
       0.00241917       0.00241917       0.00241917       0.00241917       0.00241917       0.00241917       0.00241917       0.00241917       0.00241917       0.00241917       0.00241917       0.00241917       0.00241917       0.00241917       0.00241917       0.00241917       0.00241917       0.00241917       0.00241917       0.00241917
       0.00241917       0.00241917       0.00241917       0.00241917       0.00241917       0.00241917       0.00241917       0.00241917       0.00241917       0.00241917       0.00241917       0.00241917       0.00241917       0.00241917       0.00241917       0.00241917       0.00241917       0.00241917       0.00241917       0.00241917
