       0.00106094       0.00106094       0.00106094       0.00106094       0.00106094       0.00106094       0.00106094       0.00106094       0.00106094       0.00106094       0.00106094       0.00106094       0.00106094       0.00106094       0.00106094       0.00106094       0.00106094       0.00106094       0.00106094       0.00106094
       0.00106094       0.00106094       0.00106094       0.00106094       0.00106094       0.00106094       0.00106094       0.00106094       0.00106094       0.00106094       0.00106094       0.00106094       0.00106094       0.00106094       0.00106094       0.00106094       0.00106094       0.00106094       0.00106094       0.00106094
       0.00106094       0.00106094       0.00106094       0.00106094       0.00106094       0.00106094       0.00106094       0.00106094       0.00106094       0.00106094       0.00106094       0.00106094       0.00106094       0.00106094       0.00106094       0.00106094       0.00106094       0.00106094       0.00106094       0.00106094
       0.00106094       0.00106094       0.00106094       0.00106094       0.00106094       0.00106094       0.00106094       0.00106094       0.00106094       0.00106094       0.00106094       0.00106094       0.00106094       0.00106094       0.00106094       0.00106094       0.00106094       0.00106094       0.00106094       0.00106094
       0.00106094       0.00106094       0.00106094       0.00106094       0.00106094       0.00106094       0.00106094       0.00106094       0.00106094       0.00106094       0.00106094       0.00106094       0.00106094       0.00106094       0.00106094       0.00106094       0.00106094       0.00106094       0.00106094       0.00106094
       0.00106094       0.00106094       0.00106094       0.00106094       0.00106094       0.00106094       0.00106094       0.00106094       0.00106094       0.00106094       0.00106094       0.00106094       0.00106094       0.00106094       0.00106094       0.00106094       0.00106094       0.00106094       0.00106094       0.00106094
       0.00106094       0.00106094       0.00106094       0.00106094       0.00106094       0.00106094       0.00106094       0.00106094       0.00106094       0.00106094       0.00106094       0.00106094       0.00106094       0.00106094       0.00106094       0.00106094       0.00106094       0.00106094       0.00106094       0.00106094
       0.00106094       0.00106094       0.00106094       0.00106094       0.00106094       0.00106094       0.00106094       0.00106094       0.00106094       0.00106094       0.00106094       0.00106094       0.00106094       0.00106094       0.00106094       0.00106094       0.00106094       0.00106094       0.00106094       0.00106094
       0.00106094       0.00106094       0.00106094       0.00106094       0.00106094       0.00106094       0.00106094       0.00106094       0.00106094       0.00106094       0.00106094       0.00106094       0.00106094       0.00106094       0.00106094       0.00106094       0.00106094       0.00106094       0.00106094       0.00106094
       0.00106094       0.00106094       0.00106094       0.00106094       0.00106094       0.00106094       0.00106094       0.00106094       0.00106094       0.00106094       0.00106094       0.00106094       0.00106094       0.00106094       0.00106094       0.00106094       0.00106094       0.00106094       0.00106094       0.00106094
       0.00106094       0.00106094       0.00106094       0.00106094       0.00106094       0.00106094       0.00106094       0.00106094       0.00106094       0.00106094       0.00106094       0.00106094       0.00106094       0.00106094       0.00106094       0.00106094       0.00106094       0.00106094       0.00106094       0.00106094
       0.00106094       0.00106094       0.00106094       0.00106094       0.00106094       0.00106094       0.00106094       0.00106094       0.00106094       0.00106094       0.00106094       0.00106094       0.00106094       0.00106094       0.00106094       0.00106094       0.00106094       0.00106094       0.00106094       0.00106094
       0.00106094       0.00106094       0.00106094       0.00106094       0.00106094       0.00106094       0.00106094       0.00106094       0.00106094       0.00106094       0.00106094       0.00106094       0.00106094       0.00106094       0.00106094       0.00106094       0.00106094       0.00106094       0.00106094       0.00106094
       0.00106094       0.00106094       0.00106094       0.00106094       0.00106094       0.00106094       0.00106094       0.00106094       0.00106094       0.00106094       0.00106094       0.00106094       0.00106094       0.00106094       0.00106094       0.00106094       0.00106094       0.00106094       0.00106094       0.00106094
       0.00106094       0.00106094       0.00106094       0.00106094       0.00106094       0.00106094       0.00106094       0.00106094       0.00106094       0.00106094       0.00106094       0.00106094       0.00106094       0.00106094       0.00106094       0.00106094       0.00106094       0.00106094       0.00106094       0.00106094
       0.00106094       0.00106094       0.00106094       0.00106094       0.00106094       0.00106094       0.00106094       0.00106094       0.00106094       0.00106094       0.00106094       0.00106094       0.00106094       0.00106094       0.00106094       0.00106094       0.00106094       0.00106094       0.00106094       0.00106094
       0.00106094       0.00106094       0.00106094       0.00106094       0.00106094       0.00106094       0.00106094       0.00106094       0.00106094       0.00106094       0.00106094       0.00106094       0.00106094       0.00106094       0.00106094       0.00106094       0.00106094       0.00106094       0.00106094       0.00106094
       0.00106094       0.00106094       0.00106094       0.00106094       0.00106094       0.00106094       0.00106094       0.00106094       0.00106094       0.00106094       0.00106094       0.00106094       0.00106094       0.00106094       0.00106094       0.00106094       0.00106094       0.00106094       0.00106094       0.00106094
       0.00106094       0.00106094       0.00106094       0.00106094       0.00106094       0.00106094       0.00106094       0.00106094       0.00106094       0.00106094       0.00106094       0.00106094       0.00106094       0.00106094       0.00106094       0.00106094       0.00106094       0.00106094       0.00106094       0.00106094
       0.00106094       0.00106094       0.00106094       0.00106094       0.00106094       0.00106094       0.00106094       0.00106094       0.00106094       0.00106094       0.00106094       0.00106094       0.00106094       0.00106094       0.00106094       0.00106094       0.00106094       0.00106094       0.00106094       0.00106094
       0.00106094       0.00106094       0.00106094       0.00106094       0.00106094       0.00106094       0.00106094       0.00106094       0.00106094       0.00106094       0.00106094       0.00106094       0.00106094       0.00106094       0.00106094       0.00106094       0.00106094       0.00106094       0.00106094       0.00106094
       0.00106094       0.00106094       0.00106094       0.00106094       0.00106094       0.00106094       0.00106094       0.00106094       0.00106094       0.00106094       0.00106094       0.00106094       0.00106094       0.00106094       0.00106094       0.00106094       0.00106094       0.00106094       0.00106094       0.00106094
       0.00106094       0.00106094       0.00106094       0.00106094       0.00106094       0.00106094       0.00106094       0.00106094       0.00106094       0.00106094       0.00106094       0.00106094       0.00106094       0.00106094       0.00106094       0.00106094       0.00106094       0.00106094       0.00106094       0.00106094
       0.00106094       0.00106094       0.00106094       0.00106094       0.00106094       0.00106094       0.00106094       0.00106094       0.00106094       0.00106094       0.00106094       0.00106094       0.00106094       0.00106094       0.00106094       0.00106094       0.00106094       0.00106094       0.00106094       0.00106094
       0.00106094       0.00106094       0.00106094       0.00106094       0.00106094       0.00106094       0.00106094       0.00106094       0.00106094       0.00106094       0.00106094       0.00106094       0.00106094       0.00106094       0.00106094       0.00106094       0.00106094       0.00106094       0.00106094       0.00106094
       0.00106094       0.00106094       0.00106094       0.00106094       0.00106094       0.00106094       0.00106094       0.00106094       0.00106094       0.00106094       0.00106094       0.00106094       0.00106094       0.00106094       0.00106094       0.00106094       0.00106094       0.00106094       0.00106094       0.00106094
       0.00106094       0.00106094       0.00106094       0.00106094       0.00106094       0.00106094       0.00106094       0.00106094       0.00106094       0.00106094       0.00106094       0.00106094       0.00106094       0.00106094       0.00106094       0.00106094       0.00106094       0.00106094       0.00106094       0.00106094
       0.00106094       0.00106094       0.00106094       0.00106094       0.00106094       0.00106094       0.00106094       0.00106094       0.00106094       0.00106094       0.00106094       0.00106094       0.00106094       0.00106094       0.00106094       0.00106094       0.00106094       0.00106094       0.00106094       0.00106094
       0.00106094       0.00106094       0.00106094       0.00106094       0.00106094       0.00106094       0.00106094       0.00106094       0.00106094       0.00106094       0.00106094       0.00106094       0.00106094       0.00106094       0.00106094       0.00106094       0.00106094       0.00106094       0.00106094       0.00106094
       0.00106094       0.00106094       0.00106094       0.00106094       0.00106094       0.00106094       0.00106094       0.00106094       0.00106094       0.00106094       0.00106094       0.00106094       0.00106094       0.00106094       0.00106094       0.00106094       0.00106094       0.00106094       0.00106094       0.00106094
       0.00106094       0.00106094       0.00106094       0.00106094       0.00106094       0.00106094       0.00106094       0.00106094       0.00106094       0.00106094       0.00106094       0.00106094       0.00106094       0.00106094       0.00106094       0.00106094       0.00106094       0.00106094       0.00106094       0.00106094
       0.00106094       0.00106094       0.00106094       0.00106094       0.00106094       0.00106094       0.00106094       0.00106094       0.00106094       0.00106094       0.00106094       0.00106094       0.00106094       0.00106094       0.00106094       0.00106094       0.00106094       0.00106094       0.00106094       0.00106094
       0.00106094       0.00106094       0.00106094       0.00106094       0.00106094       0.00106094       0.00106094       0.00106094       0.00106094       0.00106094       0.00106094       0.00106094       0.00106094       0.00106094       0.00106094       0.00106094       0.00106094       0.00106094       0.00106094       0.00106094
       0.00106094       0.00106094       0.00106094       0.00106094       0.00106094       0.00106094       0.00106094       0.00106094       0.00106094       0.00106094       0.00106094       0.00106094       0.00106094       0.00106094       0.00106094       0.00106094       0.00106094       0.00106094       0.00106094       0.00106094
       0.00106094       0.00106094       0.00106094       0.00106094       0.00106094       0.00106094       0.00106094       0.00106094       0.00106094       0.00106094       0.00106094       0.00106094       0.00106094       0.00106094       0.00106094       0.00106094       0.00106094       0.00106094       0.00106094       0.00106094
       0.00106094       0.00106094       0.00106094       0.00106094       0.00106094       0.00106094       0.00106094       0.00106094       0.00106094       0.00106094       0.00106094       0.00106094       0.00106094       0.00106094       0.00106094       0.00106094       0.00106094       0.00106094       0.00106094       0.00106094
       0.00106094       0.00106094       0.00106094       0.00106094       0.00106094       0.00106094       0.00106094       0.00106094       0.00106094       0.00106094       0.00106094       0.00106094       0.00106094       0.00106094       0.00106094       0.00106094       0.00106094       0.00106094       0.00106094       0.00106094
       0.00106094       0.00106094       0.00106094       0.00106094       0.00106094       0.00106094       0.00106094       0.00106094       0.00106094       0.00106094       0.00106094       0.00106094       0.00106094       0.00106094       0.00106094       0.00106094       0.00106094       0.00106094       0.00106094       0.00106094
       0.00106094       0.00106094       0.00106094       0.00106094       0.00106094       0.00106094       0.00106094       0.00106094       0.00106094       0.00106094       0.00106094       0.00106094       0.00106094       0.00106094       0.00106094       0.00106094       0.00106094       0.00106094       0.00106094       0.00106094
       0.00106094       0.00106094       0.00106094       0.00106094       0.00106094       0.00106094       0.00106094       0.00106094       0.00106094       0.00106094       0.00106094       0.00106094       0.00106094       0.00106094       0.00106094       0.00106094       0.00106094       0.00106094       0.00106094       0.00106094
