       0.00197396       0.00197396       0.00197396       0.00197396       0.00197396       0.00197396       0.00197396       0.00197396       0.00197396       0.00197396       0.00197396       0.00197396       0.00197396       0.00197396       0.00197396       0.00197396       0.00197396       0.00197396       0.00197396       0.00197396
       0.00197396       0.00197396       0.00197396       0.00197396       0.00197396       0.00197396       0.00197396       0.00197396       0.00197396       0.00197396       0.00197396       0.00197396       0.00197396       0.00197396       0.00197396       0.00197396       0.00197396       0.00197396       0.00197396       0.00197396
       0.00197396       0.00197396       0.00197396       0.00197396       0.00197396       0.00197396       0.00197396       0.00197396       0.00197396       0.00197396       0.00197396       0.00197396       0.00197396       0.00197396       0.00197396       0.00197396       0.00197396       0.00197396       0.00197396       0.00197396
       0.00197396       0.00197396       0.00197396       0.00197396       0.00197396       0.00197396       0.00197396       0.00197396       0.00197396       0.00197396       0.00197396       0.00197396       0.00197396       0.00197396       0.00197396       0.00197396       0.00197396       0.00197396       0.00197396       0.00197396
       0.00197396       0.00197396       0.00197396       0.00197396       0.00197396       0.00197396       0.00197396       0.00197396       0.00197396       0.00197396       0.00197396       0.00197396       0.00197396       0.00197396       0.00197396       0.00197396       0.00197396       0.00197396       0.00197396       0.00197396
       0.00197396       0.00197396       0.00197396       0.00197396       0.00197396       0.00197396       0.00197396       0.00197396       0.00197396       0.00197396       0.00197396       0.00197396       0.00197396       0.00197396       0.00197396       0.00197396       0.00197396       0.00197396       0.00197396       0.00197396
       0.00197396       0.00197396       0.00197396       0.00197396       0.00197396       0.00197396       0.00197396       0.00197396       0.00197396       0.00197396       0.00197396       0.00197396       0.00197396       0.00197396       0.00197396       0.00197396       0.00197396       0.00197396       0.00197396       0.00197396
       0.00197396       0.00197396       0.00197396       0.00197396       0.00197396       0.00197396       0.00197396       0.00197396       0.00197396       0.00197396       0.00197396       0.00197396       0.00197396       0.00197396       0.00197396       0.00197396       0.00197396       0.00197396       0.00197396       0.00197396
       0.00197396       0.00197396       0.00197396       0.00197396       0.00197396       0.00197396       0.00197396       0.00197396       0.00197396       0.00197396       0.00197396       0.00197396       0.00197396       0.00197396       0.00197396       0.00197396       0.00197396       0.00197396       0.00197396       0.00197396
       0.00197396       0.00197396       0.00197396       0.00197396       0.00197396       0.00197396       0.00197396       0.00197396       0.00197396       0.00197396       0.00197396       0.00197396       0.00197396       0.00197396       0.00197396       0.00197396       0.00197396       0.00197396       0.00197396       0.00197396
       0.00197396       0.00197396       0.00197396       0.00197396       0.00197396       0.00197396       0.00197396       0.00197396       0.00197396       0.00197396       0.00197396       0.00197396       0.00197396       0.00197396       0.00197396       0.00197396       0.00197396       0.00197396       0.00197396       0.00197396
       0.00197396       0.00197396       0.00197396       0.00197396       0.00197396       0.00197396       0.00197396       0.00197396       0.00197396       0.00197396       0.00197396       0.00197396       0.00197396       0.00197396       0.00197396       0.00197396       0.00197396       0.00197396       0.00197396       0.00197396
       0.00197396       0.00197396       0.00197396       0.00197396       0.00197396       0.00197396       0.00197396       0.00197396       0.00197396       0.00197396       0.00197396       0.00197396       0.00197396       0.00197396       0.00197396       0.00197396       0.00197396       0.00197396       0.00197396       0.00197396
       0.00197396       0.00197396       0.00197396       0.00197396       0.00197396       0.00197396       0.00197396       0.00197396       0.00197396       0.00197396       0.00197396       0.00197396       0.00197396       0.00197396       0.00197396       0.00197396       0.00197396       0.00197396       0.00197396       0.00197396
       0.00197396       0.00197396       0.00197396       0.00197396       0.00197396       0.00197396       0.00197396       0.00197396       0.00197396       0.00197396       0.00197396       0.00197396       0.00197396       0.00197396       0.00197396       0.00197396       0.00197396       0.00197396       0.00197396       0.00197396
       0.00197396       0.00197396       0.00197396       0.00197396       0.00197396       0.00197396       0.00197396       0.00197396       0.00197396       0.00197396       0.00197396       0.00197396       0.00197396       0.00197396       0.00197396       0.00197396       0.00197396       0.00197396       0.00197396       0.00197396
       0.00197396       0.00197396       0.00197396       0.00197396       0.00197396       0.00197396       0.00197396       0.00197396       0.00197396       0.00197396       0.00197396       0.00197396       0.00197396       0.00197396       0.00197396       0.00197396       0.00197396       0.00197396       0.00197396       0.00197396
       0.00197396       0.00197396       0.00197396       0.00197396       0.00197396       0.00197396       0.00197396       0.00197396       0.00197396       0.00197396       0.00197396       0.00197396       0.00197396       0.00197396       0.00197396       0.00197396       0.00197396       0.00197396       0.00197396       0.00197396
       0.00197396       0.00197396       0.00197396       0.00197396       0.00197396       0.00197396       0.00197396       0.00197396       0.00197396       0.00197396       0.00197396       0.00197396       0.00197396       0.00197396       0.00197396       0.00197396       0.00197396       0.00197396       0.00197396       0.00197396
       0.00197396       0.00197396       0.00197396       0.00197396       0.00197396       0.00197396       0.00197396       0.00197396       0.00197396       0.00197396       0.00197396       0.00197396       0.00197396       0.00197396       0.00197396       0.00197396       0.00197396       0.00197396       0.00197396       0.00197396
       0.00197396       0.00197396       0.00197396       0.00197396       0.00197396       0.00197396       0.00197396       0.00197396       0.00197396       0.00197396       0.00197396       0.00197396       0.00197396       0.00197396       0.00197396       0.00197396       0.00197396       0.00197396       0.00197396       0.00197396
       0.00197396       0.00197396       0.00197396       0.00197396       0.00197396       0.00197396       0.00197396       0.00197396       0.00197396       0.00197396       0.00197396       0.00197396       0.00197396       0.00197396       0.00197396       0.00197396       0.00197396       0.00197396       0.00197396       0.00197396
       0.00197396       0.00197396       0.00197396       0.00197396       0.00197396       0.00197396       0.00197396       0.00197396       0.00197396       0.00197396       0.00197396       0.00197396       0.00197396       0.00197396       0.00197396       0.00197396       0.00197396       0.00197396       0.00197396       0.00197396
       0.00197396       0.00197396       0.00197396       0.00197396       0.00197396       0.00197396       0.00197396       0.00197396       0.00197396       0.00197396       0.00197396       0.00197396       0.00197396       0.00197396       0.00197396       0.00197396       0.00197396       0.00197396       0.00197396       0.00197396
       0.00197396       0.00197396       0.00197396       0.00197396       0.00197396       0.00197396       0.00197396       0.00197396       0.00197396       0.00197396       0.00197396       0.00197396       0.00197396       0.00197396       0.00197396       0.00197396       0.00197396       0.00197396       0.00197396       0.00197396
       0.00197396       0.00197396       0.00197396       0.00197396       0.00197396       0.00197396       0.00197396       0.00197396       0.00197396       0.00197396       0.00197396       0.00197396       0.00197396       0.00197396       0.00197396       0.00197396       0.00197396       0.00197396       0.00197396       0.00197396
       0.00197396       0.00197396       0.00197396       0.00197396       0.00197396       0.00197396       0.00197396       0.00197396       0.00197396       0.00197396       0.00197396       0.00197396       0.00197396       0.00197396       0.00197396       0.00197396       0.00197396       0.00197396       0.00197396       0.00197396
       0.00197396       0.00197396       0.00197396       0.00197396       0.00197396       0.00197396       0.00197396       0.00197396       0.00197396       0.00197396       0.00197396       0.00197396       0.00197396       0.00197396       0.00197396       0.00197396       0.00197396       0.00197396       0.00197396       0.00197396
       0.00197396       0.00197396       0.00197396       0.00197396       0.00197396       0.00197396       0.00197396       0.00197396       0.00197396       0.00197396       0.00197396       0.00197396       0.00197396       0.00197396       0.00197396       0.00197396       0.00197396       0.00197396       0.00197396       0.00197396
       0.00197396       0.00197396       0.00197396       0.00197396       0.00197396       0.00197396       0.00197396       0.00197396       0.00197396       0.00197396       0.00197396       0.00197396       0.00197396       0.00197396       0.00197396       0.00197396       0.00197396       0.00197396       0.00197396       0.00197396
       0.00197396       0.00197396       0.00197396       0.00197396       0.00197396       0.00197396       0.00197396       0.00197396       0.00197396       0.00197396       0.00197396       0.00197396       0.00197396       0.00197396       0.00197396       0.00197396       0.00197396       0.00197396       0.00197396       0.00197396
       0.00197396       0.00197396       0.00197396       0.00197396       0.00197396       0.00197396       0.00197396       0.00197396       0.00197396       0.00197396       0.00197396       0.00197396       0.00197396       0.00197396       0.00197396       0.00197396       0.00197396       0.00197396       0.00197396       0.00197396
       0.00197396       0.00197396       0.00197396       0.00197396       0.00197396       0.00197396       0.00197396       0.00197396       0.00197396       0.00197396       0.00197396       0.00197396       0.00197396       0.00197396       0.00197396       0.00197396       0.00197396       0.00197396       0.00197396       0.00197396
       0.00197396       0.00197396       0.00197396       0.00197396       0.00197396       0.00197396       0.00197396       0.00197396       0.00197396       0.00197396       0.00197396       0.00197396       0.00197396       0.00197396       0.00197396       0.00197396       0.00197396       0.00197396       0.00197396       0.00197396
       0.00197396       0.00197396       0.00197396       0.00197396       0.00197396       0.00197396       0.00197396       0.00197396       0.00197396       0.00197396       0.00197396       0.00197396       0.00197396       0.00197396       0.00197396       0.00197396       0.00197396       0.00197396       0.00197396       0.00197396
       0.00197396       0.00197396       0.00197396       0.00197396       0.00197396       0.00197396       0.00197396       0.00197396       0.00197396       0.00197396       0.00197396       0.00197396       0.00197396       0.00197396       0.00197396       0.00197396       0.00197396       0.00197396       0.00197396       0.00197396
       0.00197396       0.00197396       0.00197396       0.00197396       0.00197396       0.00197396       0.00197396       0.00197396       0.00197396       0.00197396       0.00197396       0.00197396       0.00197396       0.00197396       0.00197396       0.00197396       0.00197396       0.00197396       0.00197396       0.00197396
       0.00197396       0.00197396       0.00197396       0.00197396       0.00197396       0.00197396       0.00197396       0.00197396       0.00197396       0.00197396       0.00197396       0.00197396       0.00197396       0.00197396       0.00197396       0.00197396       0.00197396       0.00197396       0.00197396       0.00197396
       0.00197396       0.00197396       0.00197396       0.00197396       0.00197396       0.00197396       0.00197396       0.00197396       0.00197396       0.00197396       0.00197396       0.00197396       0.00197396       0.00197396       0.00197396       0.00197396       0.00197396       0.00197396       0.00197396       0.00197396
       0.00197396       0.00197396       0.00197396       0.00197396       0.00197396       0.00197396       0.00197396       0.00197396       0.00197396       0.00197396       0.00197396       0.00197396       0.00197396       0.00197396       0.00197396       0.00197396       0.00197396       0.00197396       0.00197396       0.00197396
