  5.81257400E-04  5.81257400E-04  5.81257400E-04  5.81257400E-04  5.81257400E-04  5.81257400E-04  5.81257400E-04  5.81257400E-04  5.81257400E-04  5.81257400E-04  5.81257400E-04  5.81257400E-04  5.81257400E-04  5.81257400E-04  5.81257400E-04  5.81257400E-04  5.81257400E-04  5.81257400E-04  5.81257400E-04  5.81257400E-04
  5.81257400E-04  5.81257400E-04  5.81257400E-04  5.81257400E-04  5.81257400E-04  5.81257400E-04  5.81257400E-04  5.81257400E-04  5.81257400E-04  5.81257400E-04  5.81257400E-04  5.81257400E-04  5.81257400E-04  5.81257400E-04  5.81257400E-04  5.81257400E-04  5.81257400E-04  5.81257400E-04  5.81257400E-04  5.81257400E-04
  5.81257400E-04  5.81257400E-04  5.81257400E-04  5.81257400E-04  5.81257400E-04  5.81257400E-04  5.81257400E-04  5.81257400E-04  5.81257400E-04  5.81257400E-04  5.81257400E-04  5.81257400E-04  5.81257400E-04  5.81257400E-04  5.81257400E-04  5.81257400E-04  5.81257400E-04  5.81257400E-04  5.81257400E-04  5.81257400E-04
  5.81257400E-04  5.81257400E-04  5.81257400E-04  5.81257400E-04  5.81257400E-04  5.81257400E-04  5.81257400E-04  5.81257400E-04  5.81257400E-04  5.81257400E-04  5.81257400E-04  5.81257400E-04  5.81257400E-04  5.81257400E-04  5.81257400E-04  5.81257400E-04  5.81257400E-04  5.81257400E-04  5.81257400E-04  5.81257400E-04
  5.81257400E-04  5.81257400E-04  5.81257400E-04  5.81257400E-04  5.81257400E-04  5.81257400E-04  5.81257400E-04  5.81257400E-04  5.81257400E-04  5.81257400E-04  5.81257400E-04  5.81257400E-04  5.81257400E-04  5.81257400E-04  5.81257400E-04  5.81257400E-04  5.81257400E-04  5.81257400E-04  5.81257400E-04  5.81257400E-04
  5.81257400E-04  5.81257400E-04  5.81257400E-04  5.81257400E-04  5.81257400E-04  5.81257400E-04  5.81257400E-04  5.81257400E-04  5.81257400E-04  5.81257400E-04  5.81257400E-04  5.81257400E-04  5.81257400E-04  5.81257400E-04  5.81257400E-04  5.81257400E-04  5.81257400E-04  5.81257400E-04  5.81257400E-04  5.81257400E-04
  5.81257400E-04  5.81257400E-04  5.81257400E-04  5.81257400E-04  5.81257400E-04  5.81257400E-04  5.81257400E-04  5.81257400E-04  5.81257400E-04  5.81257400E-04  5.81257400E-04  5.81257400E-04  5.81257400E-04  5.81257400E-04  5.81257400E-04  5.81257400E-04  5.81257400E-04  5.81257400E-04  5.81257400E-04  5.81257400E-04
  5.81257400E-04  5.81257400E-04  5.81257400E-04  5.81257400E-04  5.81257400E-04  5.81257400E-04  5.81257400E-04  5.81257400E-04  5.81257400E-04  5.81257400E-04  5.81257400E-04  5.81257400E-04  5.81257400E-04  5.81257400E-04  5.81257400E-04  5.81257400E-04  5.81257400E-04  5.81257400E-04  5.81257400E-04  5.81257400E-04
  5.81257400E-04  5.81257400E-04  5.81257400E-04  5.81257400E-04  5.81257400E-04  5.81257400E-04  5.81257400E-04  5.81257400E-04  5.81257400E-04  5.81257400E-04  5.81257400E-04  5.81257400E-04  5.81257400E-04  5.81257400E-04  5.81257400E-04  5.81257400E-04  5.81257400E-04  5.81257400E-04  5.81257400E-04  5.81257400E-04
  5.81257400E-04  5.81257400E-04  5.81257400E-04  5.81257400E-04  5.81257400E-04  5.81257400E-04  5.81257400E-04  5.81257400E-04  5.81257400E-04  5.81257400E-04  5.81257400E-04  5.81257400E-04  5.81257400E-04  5.81257400E-04  5.81257400E-04  5.81257400E-04  5.81257400E-04  5.81257400E-04  5.81257400E-04  5.81257400E-04
  5.81257400E-04  5.81257400E-04  5.81257400E-04  5.81257400E-04  5.81257400E-04  5.81257400E-04  5.81257400E-04  5.81257400E-04  5.81257400E-04  5.81257400E-04  5.81257400E-04  5.81257400E-04  5.81257400E-04  5.81257400E-04  5.81257400E-04  5.81257400E-04  5.81257400E-04  5.81257400E-04  5.81257400E-04  5.81257400E-04
  5.81257400E-04  5.81257400E-04  5.81257400E-04  5.81257400E-04  5.81257400E-04  5.81257400E-04  5.81257400E-04  5.81257400E-04  5.81257400E-04  5.81257400E-04  5.81257400E-04  5.81257400E-04  5.81257400E-04  5.81257400E-04  5.81257400E-04  5.81257400E-04  5.81257400E-04  5.81257400E-04  5.81257400E-04  5.81257400E-04
  5.81257400E-04  5.81257400E-04  5.81257400E-04  5.81257400E-04  5.81257400E-04  5.81257400E-04  5.81257400E-04  5.81257400E-04  5.81257400E-04  5.81257400E-04  5.81257400E-04  5.81257400E-04  5.81257400E-04  5.81257400E-04  5.81257400E-04  5.81257400E-04  5.81257400E-04  5.81257400E-04  5.81257400E-04  5.81257400E-04
  5.81257400E-04  5.81257400E-04  5.81257400E-04  5.81257400E-04  5.81257400E-04  5.81257400E-04  5.81257400E-04  5.81257400E-04  5.81257400E-04  5.81257400E-04  5.81257400E-04  5.81257400E-04  5.81257400E-04  5.81257400E-04  5.81257400E-04  5.81257400E-04  5.81257400E-04  5.81257400E-04  5.81257400E-04  5.81257400E-04
  5.81257400E-04  5.81257400E-04  5.81257400E-04  5.81257400E-04  5.81257400E-04  5.81257400E-04  5.81257400E-04  5.81257400E-04  5.81257400E-04  5.81257400E-04  5.81257400E-04  5.81257400E-04  5.81257400E-04  5.81257400E-04  5.81257400E-04  5.81257400E-04  5.81257400E-04  5.81257400E-04  5.81257400E-04  5.81257400E-04
  5.81257400E-04  5.81257400E-04  5.81257400E-04  5.81257400E-04  5.81257400E-04  5.81257400E-04  5.81257400E-04  5.81257400E-04  5.81257400E-04  5.81257400E-04  5.81257400E-04  5.81257400E-04  5.81257400E-04  5.81257400E-04  5.81257400E-04  5.81257400E-04  5.81257400E-04  5.81257400E-04  5.81257400E-04  5.81257400E-04
  5.81257400E-04  5.81257400E-04  5.81257400E-04  5.81257400E-04  5.81257400E-04  5.81257400E-04  5.81257400E-04  5.81257400E-04  5.81257400E-04  5.81257400E-04  5.81257400E-04  5.81257400E-04  5.81257400E-04  5.81257400E-04  5.81257400E-04  5.81257400E-04  5.81257400E-04  5.81257400E-04  5.81257400E-04  5.81257400E-04
  5.81257400E-04  5.81257400E-04  5.81257400E-04  5.81257400E-04  5.81257400E-04  5.81257400E-04  5.81257400E-04  5.81257400E-04  5.81257400E-04  5.81257400E-04  5.81257400E-04  5.81257400E-04  5.81257400E-04  5.81257400E-04  5.81257400E-04  5.81257400E-04  5.81257400E-04  5.81257400E-04  5.81257400E-04  5.81257400E-04
  5.81257400E-04  5.81257400E-04  5.81257400E-04  5.81257400E-04  5.81257400E-04  5.81257400E-04  5.81257400E-04  5.81257400E-04  5.81257400E-04  5.81257400E-04  5.81257400E-04  5.81257400E-04  5.81257400E-04  5.81257400E-04  5.81257400E-04  5.81257400E-04  5.81257400E-04  5.81257400E-04  5.81257400E-04  5.81257400E-04
  5.81257400E-04  5.81257400E-04  5.81257400E-04  5.81257400E-04  5.81257400E-04  5.81257400E-04  5.81257400E-04  5.81257400E-04  5.81257400E-04  5.81257400E-04  5.81257400E-04  5.81257400E-04  5.81257400E-04  5.81257400E-04  5.81257400E-04  5.81257400E-04  5.81257400E-04  5.81257400E-04  5.81257400E-04  5.81257400E-04
  5.81257400E-04  5.81257400E-04  5.81257400E-04  5.81257400E-04  5.81257400E-04  5.81257400E-04  5.81257400E-04  5.81257400E-04  5.81257400E-04  5.81257400E-04  5.81257400E-04  5.81257400E-04  5.81257400E-04  5.81257400E-04  5.81257400E-04  5.81257400E-04  5.81257400E-04  5.81257400E-04  5.81257400E-04  5.81257400E-04
  5.81257400E-04  5.81257400E-04  5.81257400E-04  5.81257400E-04  5.81257400E-04  5.81257400E-04  5.81257400E-04  5.81257400E-04  5.81257400E-04  5.81257400E-04  5.81257400E-04  5.81257400E-04  5.81257400E-04  5.81257400E-04  5.81257400E-04  5.81257400E-04  5.81257400E-04  5.81257400E-04  5.81257400E-04  5.81257400E-04
  5.81257400E-04  5.81257400E-04  5.81257400E-04  5.81257400E-04  5.81257400E-04  5.81257400E-04  5.81257400E-04  5.81257400E-04  5.81257400E-04  5.81257400E-04  5.81257400E-04  5.81257400E-04  5.81257400E-04  5.81257400E-04  5.81257400E-04  5.81257400E-04  5.81257400E-04  5.81257400E-04  5.81257400E-04  5.81257400E-04
  5.81257400E-04  5.81257400E-04  5.81257400E-04  5.81257400E-04  5.81257400E-04  5.81257400E-04  5.81257400E-04  5.81257400E-04  5.81257400E-04  5.81257400E-04  5.81257400E-04  5.81257400E-04  5.81257400E-04  5.81257400E-04  5.81257400E-04  5.81257400E-04  5.81257400E-04  5.81257400E-04  5.81257400E-04  5.81257400E-04
  5.81257400E-04  5.81257400E-04  5.81257400E-04  5.81257400E-04  5.81257400E-04  5.81257400E-04  5.81257400E-04  5.81257400E-04  5.81257400E-04  5.81257400E-04  5.81257400E-04  5.81257400E-04  5.81257400E-04  5.81257400E-04  5.81257400E-04  5.81257400E-04  5.81257400E-04  5.81257400E-04  5.81257400E-04  5.81257400E-04
  5.81257400E-04  5.81257400E-04  5.81257400E-04  5.81257400E-04  5.81257400E-04  5.81257400E-04  5.81257400E-04  5.81257400E-04  5.81257400E-04  5.81257400E-04  5.81257400E-04  5.81257400E-04  5.81257400E-04  5.81257400E-04  5.81257400E-04  5.81257400E-04  5.81257400E-04  5.81257400E-04  5.81257400E-04  5.81257400E-04
  5.81257400E-04  5.81257400E-04  5.81257400E-04  5.81257400E-04  5.81257400E-04  5.81257400E-04  5.81257400E-04  5.81257400E-04  5.81257400E-04  5.81257400E-04  5.81257400E-04  5.81257400E-04  5.81257400E-04  5.81257400E-04  5.81257400E-04  5.81257400E-04  5.81257400E-04  5.81257400E-04  5.81257400E-04  5.81257400E-04
  5.81257400E-04  5.81257400E-04  5.81257400E-04  5.81257400E-04  5.81257400E-04  5.81257400E-04  5.81257400E-04  5.81257400E-04  5.81257400E-04  5.81257400E-04  5.81257400E-04  5.81257400E-04  5.81257400E-04  5.81257400E-04  5.81257400E-04  5.81257400E-04  5.81257400E-04  5.81257400E-04  5.81257400E-04  5.81257400E-04
  5.81257400E-04  5.81257400E-04  5.81257400E-04  5.81257400E-04  5.81257400E-04  5.81257400E-04  5.81257400E-04  5.81257400E-04  5.81257400E-04  5.81257400E-04  5.81257400E-04  5.81257400E-04  5.81257400E-04  5.81257400E-04  5.81257400E-04  5.81257400E-04  5.81257400E-04  5.81257400E-04  5.81257400E-04  5.81257400E-04
  5.81257400E-04  5.81257400E-04  5.81257400E-04  5.81257400E-04  5.81257400E-04  5.81257400E-04  5.81257400E-04  5.81257400E-04  5.81257400E-04  5.81257400E-04  5.81257400E-04  5.81257400E-04  5.81257400E-04  5.81257400E-04  5.81257400E-04  5.81257400E-04  5.81257400E-04  5.81257400E-04  5.81257400E-04  5.81257400E-04
  5.81257400E-04  5.81257400E-04  5.81257400E-04  5.81257400E-04  5.81257400E-04  5.81257400E-04  5.81257400E-04  5.81257400E-04  5.81257400E-04  5.81257400E-04  5.81257400E-04  5.81257400E-04  5.81257400E-04  5.81257400E-04  5.81257400E-04  5.81257400E-04  5.81257400E-04  5.81257400E-04  5.81257400E-04  5.81257400E-04
  5.81257400E-04  5.81257400E-04  5.81257400E-04  5.81257400E-04  5.81257400E-04  5.81257400E-04  5.81257400E-04  5.81257400E-04  5.81257400E-04  5.81257400E-04  5.81257400E-04  5.81257400E-04  5.81257400E-04  5.81257400E-04  5.81257400E-04  5.81257400E-04  5.81257400E-04  5.81257400E-04  5.81257400E-04  5.81257400E-04
  5.81257400E-04  5.81257400E-04  5.81257400E-04  5.81257400E-04  5.81257400E-04  5.81257400E-04  5.81257400E-04  5.81257400E-04  5.81257400E-04  5.81257400E-04  5.81257400E-04  5.81257400E-04  5.81257400E-04  5.81257400E-04  5.81257400E-04  5.81257400E-04  5.81257400E-04  5.81257400E-04  5.81257400E-04  5.81257400E-04
  5.81257400E-04  5.81257400E-04  5.81257400E-04  5.81257400E-04  5.81257400E-04  5.81257400E-04  5.81257400E-04  5.81257400E-04  5.81257400E-04  5.81257400E-04  5.81257400E-04  5.81257400E-04  5.81257400E-04  5.81257400E-04  5.81257400E-04  5.81257400E-04  5.81257400E-04  5.81257400E-04  5.81257400E-04  5.81257400E-04
  5.81257400E-04  5.81257400E-04  5.81257400E-04  5.81257400E-04  5.81257400E-04  5.81257400E-04  5.81257400E-04  5.81257400E-04  5.81257400E-04  5.81257400E-04  5.81257400E-04  5.81257400E-04  5.81257400E-04  5.81257400E-04  5.81257400E-04  5.81257400E-04  5.81257400E-04  5.81257400E-04  5.81257400E-04  5.81257400E-04
  5.81257400E-04  5.81257400E-04  5.81257400E-04  5.81257400E-04  5.81257400E-04  5.81257400E-04  5.81257400E-04  5.81257400E-04  5.81257400E-04  5.81257400E-04  5.81257400E-04  5.81257400E-04  5.81257400E-04  5.81257400E-04  5.81257400E-04  5.81257400E-04  5.81257400E-04  5.81257400E-04  5.81257400E-04  5.81257400E-04
  5.81257400E-04  5.81257400E-04  5.81257400E-04  5.81257400E-04  5.81257400E-04  5.81257400E-04  5.81257400E-04  5.81257400E-04  5.81257400E-04  5.81257400E-04  5.81257400E-04  5.81257400E-04  5.81257400E-04  5.81257400E-04  5.81257400E-04  5.81257400E-04  5.81257400E-04  5.81257400E-04  5.81257400E-04  5.81257400E-04
  5.81257400E-04  5.81257400E-04  5.81257400E-04  5.81257400E-04  5.81257400E-04  5.81257400E-04  5.81257400E-04  5.81257400E-04  5.81257400E-04  5.81257400E-04  5.81257400E-04  5.81257400E-04  5.81257400E-04  5.81257400E-04  5.81257400E-04  5.81257400E-04  5.81257400E-04  5.81257400E-04  5.81257400E-04  5.81257400E-04
  5.81257400E-04  5.81257400E-04  5.81257400E-04  5.81257400E-04  5.81257400E-04  5.81257400E-04  5.81257400E-04  5.81257400E-04  5.81257400E-04  5.81257400E-04  5.81257400E-04  5.81257400E-04  5.81257400E-04  5.81257400E-04  5.81257400E-04  5.81257400E-04  5.81257400E-04  5.81257400E-04  5.81257400E-04  5.81257400E-04
  5.81257400E-04  5.81257400E-04  5.81257400E-04  5.81257400E-04  5.81257400E-04  5.81257400E-04  5.81257400E-04  5.81257400E-04  5.81257400E-04  5.81257400E-04  5.81257400E-04  5.81257400E-04  5.81257400E-04  5.81257400E-04  5.81257400E-04  5.81257400E-04  5.81257400E-04  5.81257400E-04  5.81257400E-04  5.81257400E-04
