  1.19317720E-04  1.19317720E-04  1.19317720E-04  1.19317720E-04  1.19317720E-04  1.19317720E-04  1.19317720E-04  1.19317720E-04  1.19317720E-04  1.19317720E-04  1.19317720E-04  1.19317720E-04  1.19317720E-04  1.19317720E-04  1.19317720E-04  1.19317720E-04  1.19317720E-04  1.19317720E-04  1.19317720E-04  1.19317720E-04
  1.19317720E-04  1.19317720E-04  1.19317720E-04  1.19317720E-04  1.19317720E-04  1.19317720E-04  1.19317720E-04  1.19317720E-04  1.19317720E-04  1.19317720E-04  1.19317720E-04  1.19317720E-04  1.19317720E-04  1.19317720E-04  1.19317720E-04  1.19317720E-04  1.19317720E-04  1.19317720E-04  1.19317720E-04  1.19317720E-04
  1.19317720E-04  1.19317720E-04  1.19317720E-04  1.19317720E-04  1.19317720E-04  1.19317720E-04  1.19317720E-04  1.19317720E-04  1.19317720E-04  1.19317720E-04  1.19317720E-04  1.19317720E-04  1.19317720E-04  1.19317720E-04  1.19317720E-04  1.19317720E-04  1.19317720E-04  1.19317720E-04  1.19317720E-04  1.19317720E-04
  1.19317720E-04  1.19317720E-04  1.19317720E-04  1.19317720E-04  1.19317720E-04  1.19317720E-04  1.19317720E-04  1.19317720E-04  1.19317720E-04  1.19317720E-04  1.19317720E-04  1.19317720E-04  1.19317720E-04  1.19317720E-04  1.19317720E-04  1.19317720E-04  1.19317720E-04  1.19317720E-04  1.19317720E-04  1.19317720E-04
  1.19317720E-04  1.19317720E-04  1.19317720E-04  1.19317720E-04  1.19317720E-04  1.19317720E-04  1.19317720E-04  1.19317720E-04  1.19317720E-04  1.19317720E-04  1.19317720E-04  1.19317720E-04  1.19317720E-04  1.19317720E-04  1.19317720E-04  1.19317720E-04  1.19317720E-04  1.19317720E-04  1.19317720E-04  1.19317720E-04
  1.19317720E-04  1.19317720E-04  1.19317720E-04  1.19317720E-04  1.19317720E-04  1.19317720E-04  1.19317720E-04  1.19317720E-04  1.19317720E-04  1.19317720E-04  1.19317720E-04  1.19317720E-04  1.19317720E-04  1.19317720E-04  1.19317720E-04  1.19317720E-04  1.19317720E-04  1.19317720E-04  1.19317720E-04  1.19317720E-04
  1.19317720E-04  1.19317720E-04  1.19317720E-04  1.19317720E-04  1.19317720E-04  1.19317720E-04  1.19317720E-04  1.19317720E-04  1.19317720E-04  1.19317720E-04  1.19317720E-04  1.19317720E-04  1.19317720E-04  1.19317720E-04  1.19317720E-04  1.19317720E-04  1.19317720E-04  1.19317720E-04  1.19317720E-04  1.19317720E-04
  1.19317720E-04  1.19317720E-04  1.19317720E-04  1.19317720E-04  1.19317720E-04  1.19317720E-04  1.19317720E-04  1.19317720E-04  1.19317720E-04  1.19317720E-04  1.19317720E-04  1.19317720E-04  1.19317720E-04  1.19317720E-04  1.19317720E-04  1.19317720E-04  1.19317720E-04  1.19317720E-04  1.19317720E-04  1.19317720E-04
  1.19317720E-04  1.19317720E-04  1.19317720E-04  1.19317720E-04  1.19317720E-04  1.19317720E-04  1.19317720E-04  1.19317720E-04  1.19317720E-04  1.19317720E-04  1.19317720E-04  1.19317720E-04  1.19317720E-04  1.19317720E-04  1.19317720E-04  1.19317720E-04  1.19317720E-04  1.19317720E-04  1.19317720E-04  1.19317720E-04
  1.19317720E-04  1.19317720E-04  1.19317720E-04  1.19317720E-04  1.19317720E-04  1.19317720E-04  1.19317720E-04  1.19317720E-04  1.19317720E-04  1.19317720E-04  1.19317720E-04  1.19317720E-04  1.19317720E-04  1.19317720E-04  1.19317720E-04  1.19317720E-04  1.19317720E-04  1.19317720E-04  1.19317720E-04  1.19317720E-04
  1.19317720E-04  1.19317720E-04  1.19317720E-04  1.19317720E-04  1.19317720E-04  1.19317720E-04  1.19317720E-04  1.19317720E-04  1.19317720E-04  1.19317720E-04  1.19317720E-04  1.19317720E-04  1.19317720E-04  1.19317720E-04  1.19317720E-04  1.19317720E-04  1.19317720E-04  1.19317720E-04  1.19317720E-04  1.19317720E-04
  1.19317720E-04  1.19317720E-04  1.19317720E-04  1.19317720E-04  1.19317720E-04  1.19317720E-04  1.19317720E-04  1.19317720E-04  1.19317720E-04  1.19317720E-04  1.19317720E-04  1.19317720E-04  1.19317720E-04  1.19317720E-04  1.19317720E-04  1.19317720E-04  1.19317720E-04  1.19317720E-04  1.19317720E-04  1.19317720E-04
  1.19317720E-04  1.19317720E-04  1.19317720E-04  1.19317720E-04  1.19317720E-04  1.19317720E-04  1.19317720E-04  1.19317720E-04  1.19317720E-04  1.19317720E-04  1.19317720E-04  1.19317720E-04  1.19317720E-04  1.19317720E-04  1.19317720E-04  1.19317720E-04  1.19317720E-04  1.19317720E-04  1.19317720E-04  1.19317720E-04
  1.19317720E-04  1.19317720E-04  1.19317720E-04  1.19317720E-04  1.19317720E-04  1.19317720E-04  1.19317720E-04  1.19317720E-04  1.19317720E-04  1.19317720E-04  1.19317720E-04  1.19317720E-04  1.19317720E-04  1.19317720E-04  1.19317720E-04  1.19317720E-04  1.19317720E-04  1.19317720E-04  1.19317720E-04  1.19317720E-04
  1.19317720E-04  1.19317720E-04  1.19317720E-04  1.19317720E-04  1.19317720E-04  1.19317720E-04  1.19317720E-04  1.19317720E-04  1.19317720E-04  1.19317720E-04  1.19317720E-04  1.19317720E-04  1.19317720E-04  1.19317720E-04  1.19317720E-04  1.19317720E-04  1.19317720E-04  1.19317720E-04  1.19317720E-04  1.19317720E-04
  1.19317720E-04  1.19317720E-04  1.19317720E-04  1.19317720E-04  1.19317720E-04  1.19317720E-04  1.19317720E-04  1.19317720E-04  1.19317720E-04  1.19317720E-04  1.19317720E-04  1.19317720E-04  1.19317720E-04  1.19317720E-04  1.19317720E-04  1.19317720E-04  1.19317720E-04  1.19317720E-04  1.19317720E-04  1.19317720E-04
  1.19317720E-04  1.19317720E-04  1.19317720E-04  1.19317720E-04  1.19317720E-04  1.19317720E-04  1.19317720E-04  1.19317720E-04  1.19317720E-04  1.19317720E-04  1.19317720E-04  1.19317720E-04  1.19317720E-04  1.19317720E-04  1.19317720E-04  1.19317720E-04  1.19317720E-04  1.19317720E-04  1.19317720E-04  1.19317720E-04
  1.19317720E-04  1.19317720E-04  1.19317720E-04  1.19317720E-04  1.19317720E-04  1.19317720E-04  1.19317720E-04  1.19317720E-04  1.19317720E-04  1.19317720E-04  1.19317720E-04  1.19317720E-04  1.19317720E-04  1.19317720E-04  1.19317720E-04  1.19317720E-04  1.19317720E-04  1.19317720E-04  1.19317720E-04  1.19317720E-04
  1.19317720E-04  1.19317720E-04  1.19317720E-04  1.19317720E-04  1.19317720E-04  1.19317720E-04  1.19317720E-04  1.19317720E-04  1.19317720E-04  1.19317720E-04  1.19317720E-04  1.19317720E-04  1.19317720E-04  1.19317720E-04  1.19317720E-04  1.19317720E-04  1.19317720E-04  1.19317720E-04  1.19317720E-04  1.19317720E-04
  1.19317720E-04  1.19317720E-04  1.19317720E-04  1.19317720E-04  1.19317720E-04  1.19317720E-04  1.19317720E-04  1.19317720E-04  1.19317720E-04  1.19317720E-04  1.19317720E-04  1.19317720E-04  1.19317720E-04  1.19317720E-04  1.19317720E-04  1.19317720E-04  1.19317720E-04  1.19317720E-04  1.19317720E-04  1.19317720E-04
  1.19317720E-04  1.19317720E-04  1.19317720E-04  1.19317720E-04  1.19317720E-04  1.19317720E-04  1.19317720E-04  1.19317720E-04  1.19317720E-04  1.19317720E-04  1.19317720E-04  1.19317720E-04  1.19317720E-04  1.19317720E-04  1.19317720E-04  1.19317720E-04  1.19317720E-04  1.19317720E-04  1.19317720E-04  1.19317720E-04
  1.19317720E-04  1.19317720E-04  1.19317720E-04  1.19317720E-04  1.19317720E-04  1.19317720E-04  1.19317720E-04  1.19317720E-04  1.19317720E-04  1.19317720E-04  1.19317720E-04  1.19317720E-04  1.19317720E-04  1.19317720E-04  1.19317720E-04  1.19317720E-04  1.19317720E-04  1.19317720E-04  1.19317720E-04  1.19317720E-04
  1.19317720E-04  1.19317720E-04  1.19317720E-04  1.19317720E-04  1.19317720E-04  1.19317720E-04  1.19317720E-04  1.19317720E-04  1.19317720E-04  1.19317720E-04  1.19317720E-04  1.19317720E-04  1.19317720E-04  1.19317720E-04  1.19317720E-04  1.19317720E-04  1.19317720E-04  1.19317720E-04  1.19317720E-04  1.19317720E-04
  1.19317720E-04  1.19317720E-04  1.19317720E-04  1.19317720E-04  1.19317720E-04  1.19317720E-04  1.19317720E-04  1.19317720E-04  1.19317720E-04  1.19317720E-04  1.19317720E-04  1.19317720E-04  1.19317720E-04  1.19317720E-04  1.19317720E-04  1.19317720E-04  1.19317720E-04  1.19317720E-04  1.19317720E-04  1.19317720E-04
  1.19317720E-04  1.19317720E-04  1.19317720E-04  1.19317720E-04  1.19317720E-04  1.19317720E-04  1.19317720E-04  1.19317720E-04  1.19317720E-04  1.19317720E-04  1.19317720E-04  1.19317720E-04  1.19317720E-04  1.19317720E-04  1.19317720E-04  1.19317720E-04  1.19317720E-04  1.19317720E-04  1.19317720E-04  1.19317720E-04
  1.19317720E-04  1.19317720E-04  1.19317720E-04  1.19317720E-04  1.19317720E-04  1.19317720E-04  1.19317720E-04  1.19317720E-04  1.19317720E-04  1.19317720E-04  1.19317720E-04  1.19317720E-04  1.19317720E-04  1.19317720E-04  1.19317720E-04  1.19317720E-04  1.19317720E-04  1.19317720E-04  1.19317720E-04  1.19317720E-04
  1.19317720E-04  1.19317720E-04  1.19317720E-04  1.19317720E-04  1.19317720E-04  1.19317720E-04  1.19317720E-04  1.19317720E-04  1.19317720E-04  1.19317720E-04  1.19317720E-04  1.19317720E-04  1.19317720E-04  1.19317720E-04  1.19317720E-04  1.19317720E-04  1.19317720E-04  1.19317720E-04  1.19317720E-04  1.19317720E-04
  1.19317720E-04  1.19317720E-04  1.19317720E-04  1.19317720E-04  1.19317720E-04  1.19317720E-04  1.19317720E-04  1.19317720E-04  1.19317720E-04  1.19317720E-04  1.19317720E-04  1.19317720E-04  1.19317720E-04  1.19317720E-04  1.19317720E-04  1.19317720E-04  1.19317720E-04  1.19317720E-04  1.19317720E-04  1.19317720E-04
  1.19317720E-04  1.19317720E-04  1.19317720E-04  1.19317720E-04  1.19317720E-04  1.19317720E-04  1.19317720E-04  1.19317720E-04  1.19317720E-04  1.19317720E-04  1.19317720E-04  1.19317720E-04  1.19317720E-04  1.19317720E-04  1.19317720E-04  1.19317720E-04  1.19317720E-04  1.19317720E-04  1.19317720E-04  1.19317720E-04
  1.19317720E-04  1.19317720E-04  1.19317720E-04  1.19317720E-04  1.19317720E-04  1.19317720E-04  1.19317720E-04  1.19317720E-04  1.19317720E-04  1.19317720E-04  1.19317720E-04  1.19317720E-04  1.19317720E-04  1.19317720E-04  1.19317720E-04  1.19317720E-04  1.19317720E-04  1.19317720E-04  1.19317720E-04  1.19317720E-04
  1.19317720E-04  1.19317720E-04  1.19317720E-04  1.19317720E-04  1.19317720E-04  1.19317720E-04  1.19317720E-04  1.19317720E-04  1.19317720E-04  1.19317720E-04  1.19317720E-04  1.19317720E-04  1.19317720E-04  1.19317720E-04  1.19317720E-04  1.19317720E-04  1.19317720E-04  1.19317720E-04  1.19317720E-04  1.19317720E-04
  1.19317720E-04  1.19317720E-04  1.19317720E-04  1.19317720E-04  1.19317720E-04  1.19317720E-04  1.19317720E-04  1.19317720E-04  1.19317720E-04  1.19317720E-04  1.19317720E-04  1.19317720E-04  1.19317720E-04  1.19317720E-04  1.19317720E-04  1.19317720E-04  1.19317720E-04  1.19317720E-04  1.19317720E-04  1.19317720E-04
  1.19317720E-04  1.19317720E-04  1.19317720E-04  1.19317720E-04  1.19317720E-04  1.19317720E-04  1.19317720E-04  1.19317720E-04  1.19317720E-04  1.19317720E-04  1.19317720E-04  1.19317720E-04  1.19317720E-04  1.19317720E-04  1.19317720E-04  1.19317720E-04  1.19317720E-04  1.19317720E-04  1.19317720E-04  1.19317720E-04
  1.19317720E-04  1.19317720E-04  1.19317720E-04  1.19317720E-04  1.19317720E-04  1.19317720E-04  1.19317720E-04  1.19317720E-04  1.19317720E-04  1.19317720E-04  1.19317720E-04  1.19317720E-04  1.19317720E-04  1.19317720E-04  1.19317720E-04  1.19317720E-04  1.19317720E-04  1.19317720E-04  1.19317720E-04  1.19317720E-04
  1.19317720E-04  1.19317720E-04  1.19317720E-04  1.19317720E-04  1.19317720E-04  1.19317720E-04  1.19317720E-04  1.19317720E-04  1.19317720E-04  1.19317720E-04  1.19317720E-04  1.19317720E-04  1.19317720E-04  1.19317720E-04  1.19317720E-04  1.19317720E-04  1.19317720E-04  1.19317720E-04  1.19317720E-04  1.19317720E-04
  1.19317720E-04  1.19317720E-04  1.19317720E-04  1.19317720E-04  1.19317720E-04  1.19317720E-04  1.19317720E-04  1.19317720E-04  1.19317720E-04  1.19317720E-04  1.19317720E-04  1.19317720E-04  1.19317720E-04  1.19317720E-04  1.19317720E-04  1.19317720E-04  1.19317720E-04  1.19317720E-04  1.19317720E-04  1.19317720E-04
  1.19317720E-04  1.19317720E-04  1.19317720E-04  1.19317720E-04  1.19317720E-04  1.19317720E-04  1.19317720E-04  1.19317720E-04  1.19317720E-04  1.19317720E-04  1.19317720E-04  1.19317720E-04  1.19317720E-04  1.19317720E-04  1.19317720E-04  1.19317720E-04  1.19317720E-04  1.19317720E-04  1.19317720E-04  1.19317720E-04
  1.19317720E-04  1.19317720E-04  1.19317720E-04  1.19317720E-04  1.19317720E-04  1.19317720E-04  1.19317720E-04  1.19317720E-04  1.19317720E-04  1.19317720E-04  1.19317720E-04  1.19317720E-04  1.19317720E-04  1.19317720E-04  1.19317720E-04  1.19317720E-04  1.19317720E-04  1.19317720E-04  1.19317720E-04  1.19317720E-04
  1.19317720E-04  1.19317720E-04  1.19317720E-04  1.19317720E-04  1.19317720E-04  1.19317720E-04  1.19317720E-04  1.19317720E-04  1.19317720E-04  1.19317720E-04  1.19317720E-04  1.19317720E-04  1.19317720E-04  1.19317720E-04  1.19317720E-04  1.19317720E-04  1.19317720E-04  1.19317720E-04  1.19317720E-04  1.19317720E-04
  1.19317720E-04  1.19317720E-04  1.19317720E-04  1.19317720E-04  1.19317720E-04  1.19317720E-04  1.19317720E-04  1.19317720E-04  1.19317720E-04  1.19317720E-04  1.19317720E-04  1.19317720E-04  1.19317720E-04  1.19317720E-04  1.19317720E-04  1.19317720E-04  1.19317720E-04  1.19317720E-04  1.19317720E-04  1.19317720E-04
