  5.72083600E-04  5.72083600E-04  5.72083600E-04  5.72083600E-04  5.72083600E-04  5.72083600E-04  5.72083600E-04  5.72083600E-04  5.72083600E-04  5.72083600E-04  5.72083600E-04  5.72083600E-04  5.72083600E-04  5.72083600E-04  5.72083600E-04  5.72083600E-04  5.72083600E-04  5.72083600E-04  5.72083600E-04  5.72083600E-04
  5.72083600E-04  5.72083600E-04  5.72083600E-04  5.72083600E-04  5.72083600E-04  5.72083600E-04  5.72083600E-04  5.72083600E-04  5.72083600E-04  5.72083600E-04  5.72083600E-04  5.72083600E-04  5.72083600E-04  5.72083600E-04  5.72083600E-04  5.72083600E-04  5.72083600E-04  5.72083600E-04  5.72083600E-04  5.72083600E-04
  5.72083600E-04  5.72083600E-04  5.72083600E-04  5.72083600E-04  5.72083600E-04  5.72083600E-04  5.72083600E-04  5.72083600E-04  5.72083600E-04  5.72083600E-04  5.72083600E-04  5.72083600E-04  5.72083600E-04  5.72083600E-04  5.72083600E-04  5.72083600E-04  5.72083600E-04  5.72083600E-04  5.72083600E-04  5.72083600E-04
  5.72083600E-04  5.72083600E-04  5.72083600E-04  5.72083600E-04  5.72083600E-04  5.72083600E-04  5.72083600E-04  5.72083600E-04  5.72083600E-04  5.72083600E-04  5.72083600E-04  5.72083600E-04  5.72083600E-04  5.72083600E-04  5.72083600E-04  5.72083600E-04  5.72083600E-04  5.72083600E-04  5.72083600E-04  5.72083600E-04
  5.72083600E-04  5.72083600E-04  5.72083600E-04  5.72083600E-04  5.72083600E-04  5.72083600E-04  5.72083600E-04  5.72083600E-04  5.72083600E-04  5.72083600E-04  5.72083600E-04  5.72083600E-04  5.72083600E-04  5.72083600E-04  5.72083600E-04  5.72083600E-04  5.72083600E-04  5.72083600E-04  5.72083600E-04  5.72083600E-04
  5.72083600E-04  5.72083600E-04  5.72083600E-04  5.72083600E-04  5.72083600E-04  5.72083600E-04  5.72083600E-04  5.72083600E-04  5.72083600E-04  5.72083600E-04  5.72083600E-04  5.72083600E-04  5.72083600E-04  5.72083600E-04  5.72083600E-04  5.72083600E-04  5.72083600E-04  5.72083600E-04  5.72083600E-04  5.72083600E-04
  5.72083600E-04  5.72083600E-04  5.72083600E-04  5.72083600E-04  5.72083600E-04  5.72083600E-04  5.72083600E-04  5.72083600E-04  5.72083600E-04  5.72083600E-04  5.72083600E-04  5.72083600E-04  5.72083600E-04  5.72083600E-04  5.72083600E-04  5.72083600E-04  5.72083600E-04  5.72083600E-04  5.72083600E-04  5.72083600E-04
  5.72083600E-04  5.72083600E-04  5.72083600E-04  5.72083600E-04  5.72083600E-04  5.72083600E-04  5.72083600E-04  5.72083600E-04  5.72083600E-04  5.72083600E-04  5.72083600E-04  5.72083600E-04  5.72083600E-04  5.72083600E-04  5.72083600E-04  5.72083600E-04  5.72083600E-04  5.72083600E-04  5.72083600E-04  5.72083600E-04
  5.72083600E-04  5.72083600E-04  5.72083600E-04  5.72083600E-04  5.72083600E-04  5.72083600E-04  5.72083600E-04  5.72083600E-04  5.72083600E-04  5.72083600E-04  5.72083600E-04  5.72083600E-04  5.72083600E-04  5.72083600E-04  5.72083600E-04  5.72083600E-04  5.72083600E-04  5.72083600E-04  5.72083600E-04  5.72083600E-04
  5.72083600E-04  5.72083600E-04  5.72083600E-04  5.72083600E-04  5.72083600E-04  5.72083600E-04  5.72083600E-04  5.72083600E-04  5.72083600E-04  5.72083600E-04  5.72083600E-04  5.72083600E-04  5.72083600E-04  5.72083600E-04  5.72083600E-04  5.72083600E-04  5.72083600E-04  5.72083600E-04  5.72083600E-04  5.72083600E-04
  5.72083600E-04  5.72083600E-04  5.72083600E-04  5.72083600E-04  5.72083600E-04  5.72083600E-04  5.72083600E-04  5.72083600E-04  5.72083600E-04  5.72083600E-04  5.72083600E-04  5.72083600E-04  5.72083600E-04  5.72083600E-04  5.72083600E-04  5.72083600E-04  5.72083600E-04  5.72083600E-04  5.72083600E-04  5.72083600E-04
  5.72083600E-04  5.72083600E-04  5.72083600E-04  5.72083600E-04  5.72083600E-04  5.72083600E-04  5.72083600E-04  5.72083600E-04  5.72083600E-04  5.72083600E-04  5.72083600E-04  5.72083600E-04  5.72083600E-04  5.72083600E-04  5.72083600E-04  5.72083600E-04  5.72083600E-04  5.72083600E-04  5.72083600E-04  5.72083600E-04
  5.72083600E-04  5.72083600E-04  5.72083600E-04  5.72083600E-04  5.72083600E-04  5.72083600E-04  5.72083600E-04  5.72083600E-04  5.72083600E-04  5.72083600E-04  5.72083600E-04  5.72083600E-04  5.72083600E-04  5.72083600E-04  5.72083600E-04  5.72083600E-04  5.72083600E-04  5.72083600E-04  5.72083600E-04  5.72083600E-04
  5.72083600E-04  5.72083600E-04  5.72083600E-04  5.72083600E-04  5.72083600E-04  5.72083600E-04  5.72083600E-04  5.72083600E-04  5.72083600E-04  5.72083600E-04  5.72083600E-04  5.72083600E-04  5.72083600E-04  5.72083600E-04  5.72083600E-04  5.72083600E-04  5.72083600E-04  5.72083600E-04  5.72083600E-04  5.72083600E-04
  5.72083600E-04  5.72083600E-04  5.72083600E-04  5.72083600E-04  5.72083600E-04  5.72083600E-04  5.72083600E-04  5.72083600E-04  5.72083600E-04  5.72083600E-04  5.72083600E-04  5.72083600E-04  5.72083600E-04  5.72083600E-04  5.72083600E-04  5.72083600E-04  5.72083600E-04  5.72083600E-04  5.72083600E-04  5.72083600E-04
  5.72083600E-04  5.72083600E-04  5.72083600E-04  5.72083600E-04  5.72083600E-04  5.72083600E-04  5.72083600E-04  5.72083600E-04  5.72083600E-04  5.72083600E-04  5.72083600E-04  5.72083600E-04  5.72083600E-04  5.72083600E-04  5.72083600E-04  5.72083600E-04  5.72083600E-04  5.72083600E-04  5.72083600E-04  5.72083600E-04
  5.72083600E-04  5.72083600E-04  5.72083600E-04  5.72083600E-04  5.72083600E-04  5.72083600E-04  5.72083600E-04  5.72083600E-04  5.72083600E-04  5.72083600E-04  5.72083600E-04  5.72083600E-04  5.72083600E-04  5.72083600E-04  5.72083600E-04  5.72083600E-04  5.72083600E-04  5.72083600E-04  5.72083600E-04  5.72083600E-04
  5.72083600E-04  5.72083600E-04  5.72083600E-04  5.72083600E-04  5.72083600E-04  5.72083600E-04  5.72083600E-04  5.72083600E-04  5.72083600E-04  5.72083600E-04  5.72083600E-04  5.72083600E-04  5.72083600E-04  5.72083600E-04  5.72083600E-04  5.72083600E-04  5.72083600E-04  5.72083600E-04  5.72083600E-04  5.72083600E-04
  5.72083600E-04  5.72083600E-04  5.72083600E-04  5.72083600E-04  5.72083600E-04  5.72083600E-04  5.72083600E-04  5.72083600E-04  5.72083600E-04  5.72083600E-04  5.72083600E-04  5.72083600E-04  5.72083600E-04  5.72083600E-04  5.72083600E-04  5.72083600E-04  5.72083600E-04  5.72083600E-04  5.72083600E-04  5.72083600E-04
  5.72083600E-04  5.72083600E-04  5.72083600E-04  5.72083600E-04  5.72083600E-04  5.72083600E-04  5.72083600E-04  5.72083600E-04  5.72083600E-04  5.72083600E-04  5.72083600E-04  5.72083600E-04  5.72083600E-04  5.72083600E-04  5.72083600E-04  5.72083600E-04  5.72083600E-04  5.72083600E-04  5.72083600E-04  5.72083600E-04
  5.72083600E-04  5.72083600E-04  5.72083600E-04  5.72083600E-04  5.72083600E-04  5.72083600E-04  5.72083600E-04  5.72083600E-04  5.72083600E-04  5.72083600E-04  5.72083600E-04  5.72083600E-04  5.72083600E-04  5.72083600E-04  5.72083600E-04  5.72083600E-04  5.72083600E-04  5.72083600E-04  5.72083600E-04  5.72083600E-04
  5.72083600E-04  5.72083600E-04  5.72083600E-04  5.72083600E-04  5.72083600E-04  5.72083600E-04  5.72083600E-04  5.72083600E-04  5.72083600E-04  5.72083600E-04  5.72083600E-04  5.72083600E-04  5.72083600E-04  5.72083600E-04  5.72083600E-04  5.72083600E-04  5.72083600E-04  5.72083600E-04  5.72083600E-04  5.72083600E-04
  5.72083600E-04  5.72083600E-04  5.72083600E-04  5.72083600E-04  5.72083600E-04  5.72083600E-04  5.72083600E-04  5.72083600E-04  5.72083600E-04  5.72083600E-04  5.72083600E-04  5.72083600E-04  5.72083600E-04  5.72083600E-04  5.72083600E-04  5.72083600E-04  5.72083600E-04  5.72083600E-04  5.72083600E-04  5.72083600E-04
  5.72083600E-04  5.72083600E-04  5.72083600E-04  5.72083600E-04  5.72083600E-04  5.72083600E-04  5.72083600E-04  5.72083600E-04  5.72083600E-04  5.72083600E-04  5.72083600E-04  5.72083600E-04  5.72083600E-04  5.72083600E-04  5.72083600E-04  5.72083600E-04  5.72083600E-04  5.72083600E-04  5.72083600E-04  5.72083600E-04
  5.72083600E-04  5.72083600E-04  5.72083600E-04  5.72083600E-04  5.72083600E-04  5.72083600E-04  5.72083600E-04  5.72083600E-04  5.72083600E-04  5.72083600E-04  5.72083600E-04  5.72083600E-04  5.72083600E-04  5.72083600E-04  5.72083600E-04  5.72083600E-04  5.72083600E-04  5.72083600E-04  5.72083600E-04  5.72083600E-04
  5.72083600E-04  5.72083600E-04  5.72083600E-04  5.72083600E-04  5.72083600E-04  5.72083600E-04  5.72083600E-04  5.72083600E-04  5.72083600E-04  5.72083600E-04  5.72083600E-04  5.72083600E-04  5.72083600E-04  5.72083600E-04  5.72083600E-04  5.72083600E-04  5.72083600E-04  5.72083600E-04  5.72083600E-04  5.72083600E-04
  5.72083600E-04  5.72083600E-04  5.72083600E-04  5.72083600E-04  5.72083600E-04  5.72083600E-04  5.72083600E-04  5.72083600E-04  5.72083600E-04  5.72083600E-04  5.72083600E-04  5.72083600E-04  5.72083600E-04  5.72083600E-04  5.72083600E-04  5.72083600E-04  5.72083600E-04  5.72083600E-04  5.72083600E-04  5.72083600E-04
  5.72083600E-04  5.72083600E-04  5.72083600E-04  5.72083600E-04  5.72083600E-04  5.72083600E-04  5.72083600E-04  5.72083600E-04  5.72083600E-04  5.72083600E-04  5.72083600E-04  5.72083600E-04  5.72083600E-04  5.72083600E-04  5.72083600E-04  5.72083600E-04  5.72083600E-04  5.72083600E-04  5.72083600E-04  5.72083600E-04
  5.72083600E-04  5.72083600E-04  5.72083600E-04  5.72083600E-04  5.72083600E-04  5.72083600E-04  5.72083600E-04  5.72083600E-04  5.72083600E-04  5.72083600E-04  5.72083600E-04  5.72083600E-04  5.72083600E-04  5.72083600E-04  5.72083600E-04  5.72083600E-04  5.72083600E-04  5.72083600E-04  5.72083600E-04  5.72083600E-04
  5.72083600E-04  5.72083600E-04  5.72083600E-04  5.72083600E-04  5.72083600E-04  5.72083600E-04  5.72083600E-04  5.72083600E-04  5.72083600E-04  5.72083600E-04  5.72083600E-04  5.72083600E-04  5.72083600E-04  5.72083600E-04  5.72083600E-04  5.72083600E-04  5.72083600E-04  5.72083600E-04  5.72083600E-04  5.72083600E-04
  5.72083600E-04  5.72083600E-04  5.72083600E-04  5.72083600E-04  5.72083600E-04  5.72083600E-04  5.72083600E-04  5.72083600E-04  5.72083600E-04  5.72083600E-04  5.72083600E-04  5.72083600E-04  5.72083600E-04  5.72083600E-04  5.72083600E-04  5.72083600E-04  5.72083600E-04  5.72083600E-04  5.72083600E-04  5.72083600E-04
  5.72083600E-04  5.72083600E-04  5.72083600E-04  5.72083600E-04  5.72083600E-04  5.72083600E-04  5.72083600E-04  5.72083600E-04  5.72083600E-04  5.72083600E-04  5.72083600E-04  5.72083600E-04  5.72083600E-04  5.72083600E-04  5.72083600E-04  5.72083600E-04  5.72083600E-04  5.72083600E-04  5.72083600E-04  5.72083600E-04
  5.72083600E-04  5.72083600E-04  5.72083600E-04  5.72083600E-04  5.72083600E-04  5.72083600E-04  5.72083600E-04  5.72083600E-04  5.72083600E-04  5.72083600E-04  5.72083600E-04  5.72083600E-04  5.72083600E-04  5.72083600E-04  5.72083600E-04  5.72083600E-04  5.72083600E-04  5.72083600E-04  5.72083600E-04  5.72083600E-04
  5.72083600E-04  5.72083600E-04  5.72083600E-04  5.72083600E-04  5.72083600E-04  5.72083600E-04  5.72083600E-04  5.72083600E-04  5.72083600E-04  5.72083600E-04  5.72083600E-04  5.72083600E-04  5.72083600E-04  5.72083600E-04  5.72083600E-04  5.72083600E-04  5.72083600E-04  5.72083600E-04  5.72083600E-04  5.72083600E-04
  5.72083600E-04  5.72083600E-04  5.72083600E-04  5.72083600E-04  5.72083600E-04  5.72083600E-04  5.72083600E-04  5.72083600E-04  5.72083600E-04  5.72083600E-04  5.72083600E-04  5.72083600E-04  5.72083600E-04  5.72083600E-04  5.72083600E-04  5.72083600E-04  5.72083600E-04  5.72083600E-04  5.72083600E-04  5.72083600E-04
  5.72083600E-04  5.72083600E-04  5.72083600E-04  5.72083600E-04  5.72083600E-04  5.72083600E-04  5.72083600E-04  5.72083600E-04  5.72083600E-04  5.72083600E-04  5.72083600E-04  5.72083600E-04  5.72083600E-04  5.72083600E-04  5.72083600E-04  5.72083600E-04  5.72083600E-04  5.72083600E-04  5.72083600E-04  5.72083600E-04
  5.72083600E-04  5.72083600E-04  5.72083600E-04  5.72083600E-04  5.72083600E-04  5.72083600E-04  5.72083600E-04  5.72083600E-04  5.72083600E-04  5.72083600E-04  5.72083600E-04  5.72083600E-04  5.72083600E-04  5.72083600E-04  5.72083600E-04  5.72083600E-04  5.72083600E-04  5.72083600E-04  5.72083600E-04  5.72083600E-04
  5.72083600E-04  5.72083600E-04  5.72083600E-04  5.72083600E-04  5.72083600E-04  5.72083600E-04  5.72083600E-04  5.72083600E-04  5.72083600E-04  5.72083600E-04  5.72083600E-04  5.72083600E-04  5.72083600E-04  5.72083600E-04  5.72083600E-04  5.72083600E-04  5.72083600E-04  5.72083600E-04  5.72083600E-04  5.72083600E-04
  5.72083600E-04  5.72083600E-04  5.72083600E-04  5.72083600E-04  5.72083600E-04  5.72083600E-04  5.72083600E-04  5.72083600E-04  5.72083600E-04  5.72083600E-04  5.72083600E-04  5.72083600E-04  5.72083600E-04  5.72083600E-04  5.72083600E-04  5.72083600E-04  5.72083600E-04  5.72083600E-04  5.72083600E-04  5.72083600E-04
  5.72083600E-04  5.72083600E-04  5.72083600E-04  5.72083600E-04  5.72083600E-04  5.72083600E-04  5.72083600E-04  5.72083600E-04  5.72083600E-04  5.72083600E-04  5.72083600E-04  5.72083600E-04  5.72083600E-04  5.72083600E-04  5.72083600E-04  5.72083600E-04  5.72083600E-04  5.72083600E-04  5.72083600E-04  5.72083600E-04
