       0.00178196       0.00178196       0.00178196       0.00178196       0.00178196       0.00178196       0.00178196       0.00178196       0.00178196       0.00178196       0.00178196       0.00178196       0.00178196       0.00178196       0.00178196       0.00178196       0.00178196       0.00178196       0.00178196       0.00178196
       0.00178196       0.00178196       0.00178196       0.00178196       0.00178196       0.00178196       0.00178196       0.00178196       0.00178196       0.00178196       0.00178196       0.00178196       0.00178196       0.00178196       0.00178196       0.00178196       0.00178196       0.00178196       0.00178196       0.00178196
       0.00178196       0.00178196       0.00178196       0.00178196       0.00178196       0.00178196       0.00178196       0.00178196       0.00178196       0.00178196       0.00178196       0.00178196       0.00178196       0.00178196       0.00178196       0.00178196       0.00178196       0.00178196       0.00178196       0.00178196
       0.00178196       0.00178196       0.00178196       0.00178196       0.00178196       0.00178196       0.00178196       0.00178196       0.00178196       0.00178196       0.00178196       0.00178196       0.00178196       0.00178196       0.00178196       0.00178196       0.00178196       0.00178196       0.00178196       0.00178196
       0.00178196       0.00178196       0.00178196       0.00178196       0.00178196       0.00178196       0.00178196       0.00178196       0.00178196       0.00178196       0.00178196       0.00178196       0.00178196       0.00178196       0.00178196       0.00178196       0.00178196       0.00178196       0.00178196       0.00178196
       0.00178196       0.00178196       0.00178196       0.00178196       0.00178196       0.00178196       0.00178196       0.00178196       0.00178196       0.00178196       0.00178196       0.00178196       0.00178196       0.00178196       0.00178196       0.00178196       0.00178196       0.00178196       0.00178196       0.00178196
       0.00178196       0.00178196       0.00178196       0.00178196       0.00178196       0.00178196       0.00178196       0.00178196       0.00178196       0.00178196       0.00178196       0.00178196       0.00178196       0.00178196       0.00178196       0.00178196       0.00178196       0.00178196       0.00178196       0.00178196
       0.00178196       0.00178196       0.00178196       0.00178196       0.00178196       0.00178196       0.00178196       0.00178196       0.00178196       0.00178196       0.00178196       0.00178196       0.00178196       0.00178196       0.00178196       0.00178196       0.00178196       0.00178196       0.00178196       0.00178196
       0.00178196       0.00178196       0.00178196       0.00178196       0.00178196       0.00178196       0.00178196       0.00178196       0.00178196       0.00178196       0.00178196       0.00178196       0.00178196       0.00178196       0.00178196       0.00178196       0.00178196       0.00178196       0.00178196       0.00178196
       0.00178196       0.00178196       0.00178196       0.00178196       0.00178196       0.00178196       0.00178196       0.00178196       0.00178196       0.00178196       0.00178196       0.00178196       0.00178196       0.00178196       0.00178196       0.00178196       0.00178196       0.00178196       0.00178196       0.00178196
       0.00178196       0.00178196       0.00178196       0.00178196       0.00178196       0.00178196       0.00178196       0.00178196       0.00178196       0.00178196       0.00178196       0.00178196       0.00178196       0.00178196       0.00178196       0.00178196       0.00178196       0.00178196       0.00178196       0.00178196
       0.00178196       0.00178196       0.00178196       0.00178196       0.00178196       0.00178196       0.00178196       0.00178196       0.00178196       0.00178196       0.00178196       0.00178196       0.00178196       0.00178196       0.00178196       0.00178196       0.00178196       0.00178196       0.00178196       0.00178196
       0.00178196       0.00178196       0.00178196       0.00178196       0.00178196       0.00178196       0.00178196       0.00178196       0.00178196       0.00178196       0.00178196       0.00178196       0.00178196       0.00178196       0.00178196       0.00178196       0.00178196       0.00178196       0.00178196       0.00178196
       0.00178196       0.00178196       0.00178196       0.00178196       0.00178196       0.00178196       0.00178196       0.00178196       0.00178196       0.00178196       0.00178196       0.00178196       0.00178196       0.00178196       0.00178196       0.00178196       0.00178196       0.00178196       0.00178196       0.00178196
       0.00178196       0.00178196       0.00178196       0.00178196       0.00178196       0.00178196       0.00178196       0.00178196       0.00178196       0.00178196       0.00178196       0.00178196       0.00178196       0.00178196       0.00178196       0.00178196       0.00178196       0.00178196       0.00178196       0.00178196
       0.00178196       0.00178196       0.00178196       0.00178196       0.00178196       0.00178196       0.00178196       0.00178196       0.00178196       0.00178196       0.00178196       0.00178196       0.00178196       0.00178196       0.00178196       0.00178196       0.00178196       0.00178196       0.00178196       0.00178196
       0.00178196       0.00178196       0.00178196       0.00178196       0.00178196       0.00178196       0.00178196       0.00178196       0.00178196       0.00178196       0.00178196       0.00178196       0.00178196       0.00178196       0.00178196       0.00178196       0.00178196       0.00178196       0.00178196       0.00178196
       0.00178196       0.00178196       0.00178196       0.00178196       0.00178196       0.00178196       0.00178196       0.00178196       0.00178196       0.00178196       0.00178196       0.00178196       0.00178196       0.00178196       0.00178196       0.00178196       0.00178196       0.00178196       0.00178196       0.00178196
       0.00178196       0.00178196       0.00178196       0.00178196       0.00178196       0.00178196       0.00178196       0.00178196       0.00178196       0.00178196       0.00178196       0.00178196       0.00178196       0.00178196       0.00178196       0.00178196       0.00178196       0.00178196       0.00178196       0.00178196
       0.00178196       0.00178196       0.00178196       0.00178196       0.00178196       0.00178196       0.00178196       0.00178196       0.00178196       0.00178196       0.00178196       0.00178196       0.00178196       0.00178196       0.00178196       0.00178196       0.00178196       0.00178196       0.00178196       0.00178196
       0.00178196       0.00178196       0.00178196       0.00178196       0.00178196       0.00178196       0.00178196       0.00178196       0.00178196       0.00178196       0.00178196       0.00178196       0.00178196       0.00178196       0.00178196       0.00178196       0.00178196       0.00178196       0.00178196       0.00178196
       0.00178196       0.00178196       0.00178196       0.00178196       0.00178196       0.00178196       0.00178196       0.00178196       0.00178196       0.00178196       0.00178196       0.00178196       0.00178196       0.00178196       0.00178196       0.00178196       0.00178196       0.00178196       0.00178196       0.00178196
       0.00178196       0.00178196       0.00178196       0.00178196       0.00178196       0.00178196       0.00178196       0.00178196       0.00178196       0.00178196       0.00178196       0.00178196       0.00178196       0.00178196       0.00178196       0.00178196       0.00178196       0.00178196       0.00178196       0.00178196
       0.00178196       0.00178196       0.00178196       0.00178196       0.00178196       0.00178196       0.00178196       0.00178196       0.00178196       0.00178196       0.00178196       0.00178196       0.00178196       0.00178196       0.00178196       0.00178196       0.00178196       0.00178196       0.00178196       0.00178196
       0.00178196       0.00178196       0.00178196       0.00178196       0.00178196       0.00178196       0.00178196       0.00178196       0.00178196       0.00178196       0.00178196       0.00178196       0.00178196       0.00178196       0.00178196       0.00178196       0.00178196       0.00178196       0.00178196       0.00178196
       0.00178196       0.00178196       0.00178196       0.00178196       0.00178196       0.00178196       0.00178196       0.00178196       0.00178196       0.00178196       0.00178196       0.00178196       0.00178196       0.00178196       0.00178196       0.00178196       0.00178196       0.00178196       0.00178196       0.00178196
       0.00178196       0.00178196       0.00178196       0.00178196       0.00178196       0.00178196       0.00178196       0.00178196       0.00178196       0.00178196       0.00178196       0.00178196       0.00178196       0.00178196       0.00178196       0.00178196       0.00178196       0.00178196       0.00178196       0.00178196
       0.00178196       0.00178196       0.00178196       0.00178196       0.00178196       0.00178196       0.00178196       0.00178196       0.00178196       0.00178196       0.00178196       0.00178196       0.00178196       0.00178196       0.00178196       0.00178196       0.00178196       0.00178196       0.00178196       0.00178196
       0.00178196       0.00178196       0.00178196       0.00178196       0.00178196       0.00178196       0.00178196       0.00178196       0.00178196       0.00178196       0.00178196       0.00178196       0.00178196       0.00178196       0.00178196       0.00178196       0.00178196       0.00178196       0.00178196       0.00178196
       0.00178196       0.00178196       0.00178196       0.00178196       0.00178196       0.00178196       0.00178196       0.00178196       0.00178196       0.00178196       0.00178196       0.00178196       0.00178196       0.00178196       0.00178196       0.00178196       0.00178196       0.00178196       0.00178196       0.00178196
       0.00178196       0.00178196       0.00178196       0.00178196       0.00178196       0.00178196       0.00178196       0.00178196       0.00178196       0.00178196       0.00178196       0.00178196       0.00178196       0.00178196       0.00178196       0.00178196       0.00178196       0.00178196       0.00178196       0.00178196
       0.00178196       0.00178196       0.00178196       0.00178196       0.00178196       0.00178196       0.00178196       0.00178196       0.00178196       0.00178196       0.00178196       0.00178196       0.00178196       0.00178196       0.00178196       0.00178196       0.00178196       0.00178196       0.00178196       0.00178196
       0.00178196       0.00178196       0.00178196       0.00178196       0.00178196       0.00178196       0.00178196       0.00178196       0.00178196       0.00178196       0.00178196       0.00178196       0.00178196       0.00178196       0.00178196       0.00178196       0.00178196       0.00178196       0.00178196       0.00178196
       0.00178196       0.00178196       0.00178196       0.00178196       0.00178196       0.00178196       0.00178196       0.00178196       0.00178196       0.00178196       0.00178196       0.00178196       0.00178196       0.00178196       0.00178196       0.00178196       0.00178196       0.00178196       0.00178196       0.00178196
       0.00178196       0.00178196       0.00178196       0.00178196       0.00178196       0.00178196       0.00178196       0.00178196       0.00178196       0.00178196       0.00178196       0.00178196       0.00178196       0.00178196       0.00178196       0.00178196       0.00178196       0.00178196       0.00178196       0.00178196
       0.00178196       0.00178196       0.00178196       0.00178196       0.00178196       0.00178196       0.00178196       0.00178196       0.00178196       0.00178196       0.00178196       0.00178196       0.00178196       0.00178196       0.00178196       0.00178196       0.00178196       0.00178196       0.00178196       0.00178196
       0.00178196       0.00178196       0.00178196       0.00178196       0.00178196       0.00178196       0.00178196       0.00178196       0.00178196       0.00178196       0.00178196       0.00178196       0.00178196       0.00178196       0.00178196       0.00178196       0.00178196       0.00178196       0.00178196       0.00178196
       0.00178196       0.00178196       0.00178196       0.00178196       0.00178196       0.00178196       0.00178196       0.00178196       0.00178196       0.00178196       0.00178196       0.00178196       0.00178196       0.00178196       0.00178196       0.00178196       0.00178196       0.00178196       0.00178196       0.00178196
       0.00178196       0.00178196       0.00178196       0.00178196       0.00178196       0.00178196       0.00178196       0.00178196       0.00178196       0.00178196       0.00178196       0.00178196       0.00178196       0.00178196       0.00178196       0.00178196       0.00178196       0.00178196       0.00178196       0.00178196
       0.00178196       0.00178196       0.00178196       0.00178196       0.00178196       0.00178196       0.00178196       0.00178196       0.00178196       0.00178196       0.00178196       0.00178196       0.00178196       0.00178196       0.00178196       0.00178196       0.00178196       0.00178196       0.00178196       0.00178196
