       0.00257876       0.00257876       0.00257876       0.00257876       0.00257876       0.00257876       0.00257876       0.00257876       0.00257876       0.00257876       0.00257876       0.00257876       0.00257876       0.00257876       0.00257876       0.00257876       0.00257876       0.00257876       0.00257876       0.00257876
       0.00257876       0.00257876       0.00257876       0.00257876       0.00257876       0.00257876       0.00257876       0.00257876       0.00257876       0.00257876       0.00257876       0.00257876       0.00257876       0.00257876       0.00257876       0.00257876       0.00257876       0.00257876       0.00257876       0.00257876
       0.00257876       0.00257876       0.00257876       0.00257876       0.00257876       0.00257876       0.00257876       0.00257876       0.00257876       0.00257876       0.00257876       0.00257876       0.00257876       0.00257876       0.00257876       0.00257876       0.00257876       0.00257876       0.00257876       0.00257876
       0.00257876       0.00257876       0.00257876       0.00257876       0.00257876       0.00257876       0.00257876       0.00257876       0.00257876       0.00257876       0.00257876       0.00257876       0.00257876       0.00257876       0.00257876       0.00257876       0.00257876       0.00257876       0.00257876       0.00257876
       0.00257876       0.00257876       0.00257876       0.00257876       0.00257876       0.00257876       0.00257876       0.00257876       0.00257876       0.00257876       0.00257876       0.00257876       0.00257876       0.00257876       0.00257876       0.00257876       0.00257876       0.00257876       0.00257876       0.00257876
       0.00257876       0.00257876       0.00257876       0.00257876       0.00257876       0.00257876       0.00257876       0.00257876       0.00257876       0.00257876       0.00257876       0.00257876       0.00257876       0.00257876       0.00257876       0.00257876       0.00257876       0.00257876       0.00257876       0.00257876
       0.00257876       0.00257876       0.00257876       0.00257876       0.00257876       0.00257876       0.00257876       0.00257876       0.00257876       0.00257876       0.00257876       0.00257876       0.00257876       0.00257876       0.00257876       0.00257876       0.00257876       0.00257876       0.00257876       0.00257876
       0.00257876       0.00257876       0.00257876       0.00257876       0.00257876       0.00257876       0.00257876       0.00257876       0.00257876       0.00257876       0.00257876       0.00257876       0.00257876       0.00257876       0.00257876       0.00257876       0.00257876       0.00257876       0.00257876       0.00257876
       0.00257876       0.00257876       0.00257876       0.00257876       0.00257876       0.00257876       0.00257876       0.00257876       0.00257876       0.00257876       0.00257876       0.00257876       0.00257876       0.00257876       0.00257876       0.00257876       0.00257876       0.00257876       0.00257876       0.00257876
       0.00257876       0.00257876       0.00257876       0.00257876       0.00257876       0.00257876       0.00257876       0.00257876       0.00257876       0.00257876       0.00257876       0.00257876       0.00257876       0.00257876       0.00257876       0.00257876       0.00257876       0.00257876       0.00257876       0.00257876
       0.00257876       0.00257876       0.00257876       0.00257876       0.00257876       0.00257876       0.00257876       0.00257876       0.00257876       0.00257876       0.00257876       0.00257876       0.00257876       0.00257876       0.00257876       0.00257876       0.00257876       0.00257876       0.00257876       0.00257876
       0.00257876       0.00257876       0.00257876       0.00257876       0.00257876       0.00257876       0.00257876       0.00257876       0.00257876       0.00257876       0.00257876       0.00257876       0.00257876       0.00257876       0.00257876       0.00257876       0.00257876       0.00257876       0.00257876       0.00257876
       0.00257876       0.00257876       0.00257876       0.00257876       0.00257876       0.00257876       0.00257876       0.00257876       0.00257876       0.00257876       0.00257876       0.00257876       0.00257876       0.00257876       0.00257876       0.00257876       0.00257876       0.00257876       0.00257876       0.00257876
       0.00257876       0.00257876       0.00257876       0.00257876       0.00257876       0.00257876       0.00257876       0.00257876       0.00257876       0.00257876       0.00257876       0.00257876       0.00257876       0.00257876       0.00257876       0.00257876       0.00257876       0.00257876       0.00257876       0.00257876
       0.00257876       0.00257876       0.00257876       0.00257876       0.00257876       0.00257876       0.00257876       0.00257876       0.00257876       0.00257876       0.00257876       0.00257876       0.00257876       0.00257876       0.00257876       0.00257876       0.00257876       0.00257876       0.00257876       0.00257876
       0.00257876       0.00257876       0.00257876       0.00257876       0.00257876       0.00257876       0.00257876       0.00257876       0.00257876       0.00257876       0.00257876       0.00257876       0.00257876       0.00257876       0.00257876       0.00257876       0.00257876       0.00257876       0.00257876       0.00257876
       0.00257876       0.00257876       0.00257876       0.00257876       0.00257876       0.00257876       0.00257876       0.00257876       0.00257876       0.00257876       0.00257876       0.00257876       0.00257876       0.00257876       0.00257876       0.00257876       0.00257876       0.00257876       0.00257876       0.00257876
       0.00257876       0.00257876       0.00257876       0.00257876       0.00257876       0.00257876       0.00257876       0.00257876       0.00257876       0.00257876       0.00257876       0.00257876       0.00257876       0.00257876       0.00257876       0.00257876       0.00257876       0.00257876       0.00257876       0.00257876
       0.00257876       0.00257876       0.00257876       0.00257876       0.00257876       0.00257876       0.00257876       0.00257876       0.00257876       0.00257876       0.00257876       0.00257876       0.00257876       0.00257876       0.00257876       0.00257876       0.00257876       0.00257876       0.00257876       0.00257876
       0.00257876       0.00257876       0.00257876       0.00257876       0.00257876       0.00257876       0.00257876       0.00257876       0.00257876       0.00257876       0.00257876       0.00257876       0.00257876       0.00257876       0.00257876       0.00257876       0.00257876       0.00257876       0.00257876       0.00257876
       0.00257876       0.00257876       0.00257876       0.00257876       0.00257876       0.00257876       0.00257876       0.00257876       0.00257876       0.00257876       0.00257876       0.00257876       0.00257876       0.00257876       0.00257876       0.00257876       0.00257876       0.00257876       0.00257876       0.00257876
       0.00257876       0.00257876       0.00257876       0.00257876       0.00257876       0.00257876       0.00257876       0.00257876       0.00257876       0.00257876       0.00257876       0.00257876       0.00257876       0.00257876       0.00257876       0.00257876       0.00257876       0.00257876       0.00257876       0.00257876
       0.00257876       0.00257876       0.00257876       0.00257876       0.00257876       0.00257876       0.00257876       0.00257876       0.00257876       0.00257876       0.00257876       0.00257876       0.00257876       0.00257876       0.00257876       0.00257876       0.00257876       0.00257876       0.00257876       0.00257876
       0.00257876       0.00257876       0.00257876       0.00257876       0.00257876       0.00257876       0.00257876       0.00257876       0.00257876       0.00257876       0.00257876       0.00257876       0.00257876       0.00257876       0.00257876       0.00257876       0.00257876       0.00257876       0.00257876       0.00257876
       0.00257876       0.00257876       0.00257876       0.00257876       0.00257876       0.00257876       0.00257876       0.00257876       0.00257876       0.00257876       0.00257876       0.00257876       0.00257876       0.00257876       0.00257876       0.00257876       0.00257876       0.00257876       0.00257876       0.00257876
       0.00257876       0.00257876       0.00257876       0.00257876       0.00257876       0.00257876       0.00257876       0.00257876       0.00257876       0.00257876       0.00257876       0.00257876       0.00257876       0.00257876       0.00257876       0.00257876       0.00257876       0.00257876       0.00257876       0.00257876
       0.00257876       0.00257876       0.00257876       0.00257876       0.00257876       0.00257876       0.00257876       0.00257876       0.00257876       0.00257876       0.00257876       0.00257876       0.00257876       0.00257876       0.00257876       0.00257876       0.00257876       0.00257876       0.00257876       0.00257876
       0.00257876       0.00257876       0.00257876       0.00257876       0.00257876       0.00257876       0.00257876       0.00257876       0.00257876       0.00257876       0.00257876       0.00257876       0.00257876       0.00257876       0.00257876       0.00257876       0.00257876       0.00257876       0.00257876       0.00257876
       0.00257876       0.00257876       0.00257876       0.00257876       0.00257876       0.00257876       0.00257876       0.00257876       0.00257876       0.00257876       0.00257876       0.00257876       0.00257876       0.00257876       0.00257876       0.00257876       0.00257876       0.00257876       0.00257876       0.00257876
       0.00257876       0.00257876       0.00257876       0.00257876       0.00257876       0.00257876       0.00257876       0.00257876       0.00257876       0.00257876       0.00257876       0.00257876       0.00257876       0.00257876       0.00257876       0.00257876       0.00257876       0.00257876       0.00257876       0.00257876
       0.00257876       0.00257876       0.00257876       0.00257876       0.00257876       0.00257876       0.00257876       0.00257876       0.00257876       0.00257876       0.00257876       0.00257876       0.00257876       0.00257876       0.00257876       0.00257876       0.00257876       0.00257876       0.00257876       0.00257876
       0.00257876       0.00257876       0.00257876       0.00257876       0.00257876       0.00257876       0.00257876       0.00257876       0.00257876       0.00257876       0.00257876       0.00257876       0.00257876       0.00257876       0.00257876       0.00257876       0.00257876       0.00257876       0.00257876       0.00257876
       0.00257876       0.00257876       0.00257876       0.00257876       0.00257876       0.00257876       0.00257876       0.00257876       0.00257876       0.00257876       0.00257876       0.00257876       0.00257876       0.00257876       0.00257876       0.00257876       0.00257876       0.00257876       0.00257876       0.00257876
       0.00257876       0.00257876       0.00257876       0.00257876       0.00257876       0.00257876       0.00257876       0.00257876       0.00257876       0.00257876       0.00257876       0.00257876       0.00257876       0.00257876       0.00257876       0.00257876       0.00257876       0.00257876       0.00257876       0.00257876
       0.00257876       0.00257876       0.00257876       0.00257876       0.00257876       0.00257876       0.00257876       0.00257876       0.00257876       0.00257876       0.00257876       0.00257876       0.00257876       0.00257876       0.00257876       0.00257876       0.00257876       0.00257876       0.00257876       0.00257876
       0.00257876       0.00257876       0.00257876       0.00257876       0.00257876       0.00257876       0.00257876       0.00257876       0.00257876       0.00257876       0.00257876       0.00257876       0.00257876       0.00257876       0.00257876       0.00257876       0.00257876       0.00257876       0.00257876       0.00257876
       0.00257876       0.00257876       0.00257876       0.00257876       0.00257876       0.00257876       0.00257876       0.00257876       0.00257876       0.00257876       0.00257876       0.00257876       0.00257876       0.00257876       0.00257876       0.00257876       0.00257876       0.00257876       0.00257876       0.00257876
       0.00257876       0.00257876       0.00257876       0.00257876       0.00257876       0.00257876       0.00257876       0.00257876       0.00257876       0.00257876       0.00257876       0.00257876       0.00257876       0.00257876       0.00257876       0.00257876       0.00257876       0.00257876       0.00257876       0.00257876
       0.00257876       0.00257876       0.00257876       0.00257876       0.00257876       0.00257876       0.00257876       0.00257876       0.00257876       0.00257876       0.00257876       0.00257876       0.00257876       0.00257876       0.00257876       0.00257876       0.00257876       0.00257876       0.00257876       0.00257876
       0.00257876       0.00257876       0.00257876       0.00257876       0.00257876       0.00257876       0.00257876       0.00257876       0.00257876       0.00257876       0.00257876       0.00257876       0.00257876       0.00257876       0.00257876       0.00257876       0.00257876       0.00257876       0.00257876       0.00257876
