      43.81967000      42.69569000      41.27060000      39.53931000      37.50719000      35.18938000      32.61288000      29.83314000      26.98767000      24.39327000      22.37517000      21.69247000      22.06596000      23.15148000      24.49364000      25.78701000      26.73381000      27.17644000      27.18073000      26.92292000
      45.56248000      44.42904000      42.94580000      41.10402000      38.90728000      36.36509000      33.48243000      30.25438000      26.71250000      23.16196000      20.44901000      19.78034000      20.66323000      22.32412000      24.23637000      26.05277000      27.30670000      27.68769000      27.44428000      26.95740000
      47.50316000      46.38873000      44.87009000      42.93788000      40.60294000      37.88640000      34.79599000      31.27855000      27.14362000      22.20058000      17.91528000      17.63485000      19.35147000      21.56764000      23.98793000      26.43744000      28.18833000      28.21674000      27.50726000      26.75329000
      49.64110000      48.57847000      47.04559000      45.03389000      42.57216000      39.71778000      36.53406000      33.04183000      29.05165000      23.39871000      14.41640000      16.70466000      18.78305000      21.00042000      23.47917000      26.27882000      29.41640000      28.06052000      26.98031000      26.12299000
      51.96765000      50.99600000      49.46605000      47.36632000      44.75039000      41.72857000      38.44892000      35.08902000      31.89454000      29.41640000      21.42357000      18.91688000      19.26764000      20.58181000      22.42856000      24.54890000      26.16805000      26.20794000      25.59541000      24.97763000
      54.46355000      53.63555000      52.12445000      49.90355000      47.05562000      43.75201000      40.20650000      36.63562000      33.16880000      29.27599000      24.42778000      21.12094000      19.92552000      20.04464000      20.92550000      22.14950000      23.19767000      23.65165000      23.63465000      23.43542000
      57.09035000      56.48830000      55.02150000      52.62060000      49.41370000      45.66205000      41.64254000      37.56453000      33.49230000      29.30469000      25.19521000      21.92232000      19.96365000      19.13911000      19.12769000      19.65245000      20.43038000      21.10745000      21.52266000      21.72422000
      59.76720000      59.53370000      58.17010000      55.49530000      51.74430000      47.36087000      42.72096000      38.05665000      33.47801000      29.05381000      25.01454000      21.66632000      19.28638000      17.83565000      17.11936000      17.08616000      17.84891000      18.78428000      19.52809000      20.04867000
      62.30895000      62.70065000      61.59535000      58.46565000      53.88550000      48.69381000      43.36641000      38.12914000      33.10391000      28.40064000      24.21170000      20.69773000      18.06405000      16.30970000      15.20306000      14.41640000      15.70409000      16.86532000      17.81764000      18.55125000
      64.28515000      65.68505000      65.33115000      61.24170000      55.43760000      49.38055000      43.42597000      37.70094000      32.29452000      27.31194000      22.91475000      19.21056000      16.43402000      14.74939000      13.84929000      13.67182000      14.40803000      15.47388000      16.47434000      17.30951000
      64.90340000      67.07385000      69.41640000      62.42565000      55.63900000      49.07024000      42.74368000      36.70146000      31.01534000      25.79941000      21.22616000      17.40139000      14.41640000      13.24017000      12.74763000      12.88252000      13.56010000      14.51492000      15.48553000      16.34192000
      63.63270000      64.89050000      64.36120000      60.05610000      53.98870000      47.61489000      41.28890000      35.14612000      29.29964000      23.90464000      19.20913000      15.46945000      12.99426000      11.88979000      11.71563000      12.12210000      12.90193000      13.85206000      14.79577000      15.63066000
      61.03770000      61.15520000      59.71220000      56.16745000      51.08035000      45.27682000      39.22782000      33.17217000      27.27312000      21.71889000      16.84562000      13.17221000      11.14193000      10.50873000      10.74168000      11.46023000      12.42115000      13.43475000      14.36378000      15.14629000
      57.94135000      57.32070000      55.48185000      52.22465000      47.76267000      42.51839000      36.85438000      31.01525000      25.17190000      19.48468000      14.24150000      10.33550000       9.01041600       9.15263600       9.90183100      10.97046000      12.15717000      13.26717000      14.16911000      14.85340000
      54.79840000      53.72220000      51.67690000      48.57158000      44.50896000      39.72154000      34.45955000      28.93126000      23.29695000      17.68249000      12.19797000       6.91640100       7.40377600       8.21508600       9.34152600      10.70548000      12.13978000      13.36939000      14.18882000      14.69332000
      51.81000000      50.45035000      48.29672000      45.30246000      41.52744000      37.11539000      32.24581000      27.09837000      21.84436000      16.66845000      11.88059000       8.39776100       7.45928600       7.96282100       9.08887100      10.60040000      12.30917000      13.75395000      14.33602000      14.54158000
      49.06340000      47.53187000      45.33324000      42.44225000      38.90045000      34.80902000      30.30941000      25.56788000      20.77669000      16.18375000      12.17501000       9.31759600       8.02463600       8.04536100       8.93561100      10.40195000      12.26670000      14.41640000      14.21871000      14.17336000
      46.59449000      44.96912000      42.77191000      39.98845000      36.65097000      32.83827000      28.67016000      24.30373000      19.93806000      15.82945000      12.30937000       9.72451100       8.29804100       8.00001600       8.62461100       9.87500100      11.43713000      12.78259000      13.28712000      13.43027000
      44.41331000      42.75274000      40.59381000      37.92657000      34.77584000      31.20477000      27.31626000      23.25497000      19.21129000      15.42392000      12.16938000       9.69852600       8.16270600       7.62828100       8.07505600       9.10287100      10.32378000      11.38601000      12.06168000      12.44553000
      42.51506000      40.86629000      38.77749000      36.23820000      33.26413000      29.90266000      26.23838000      22.39856000      18.55735000      14.93555000      11.78854000       9.35521600       7.75359600       6.91640100       7.43850600       8.30897600       9.30127100      10.20873000      10.91115000      11.42017000
      40.61176000      39.08858000      37.16539000      34.82621000      32.07327000      28.93397000      25.47021000      21.75009000      18.00163000      14.40647000      11.22689000       8.78642600       7.29645100       6.72478100       6.96835600       7.64347100       8.45394100       9.23450100       9.90379100      10.45436000
      39.21983000      37.78299000      35.99012000      33.81817000      31.25287000      28.29603000      24.97938000      21.38311000      17.64837000      13.96990000      10.59402000       8.00085600       6.76708100       6.43634100       6.61599600       7.13852100       7.79323600       8.44598100       9.04424600       9.39803100
      38.24363000      36.86477000      35.18170000      33.16550000      30.78404000      28.00634000      24.82084000      21.27180000      17.49806000      13.72480000      10.16377000       6.91640100       6.40225600       6.22963600       6.37752600       6.77197600       7.29232100       7.80640100       8.31396600       8.63003600
      37.25561000      36.02140000      34.53285000      32.75807000      30.64845000      28.13213000      25.13014000      21.62017000      17.74455000      13.88762000      10.49503000       7.97456600       6.75486100       6.30576100       6.25244600       6.48043100       6.91640100       7.21822100       7.62432600       8.09690600
      36.39394000      35.31805000      34.04494000      32.54945000      30.78070000      28.63086000      25.91871000      22.47995000      18.36315000      14.22585000      11.08044000       8.82484100       7.35708100       6.54084600       6.18337600       6.15019100       6.32500600       6.59087100       6.94746600       7.39613100
      35.60455000      34.68357000      33.62527000      32.42243000      31.04825000      29.41640000      27.20821000      24.03552000      19.61757000      14.41640000      11.84904000       9.60538100       7.90027600       6.75475100       6.08477100       5.78268600       5.76737600       5.94574600       6.27016100       6.71234100
      34.83420000      34.04394000      33.16747000      32.21862000      31.21012000      30.12534000      28.80217000      26.40352000      21.80368000      16.82364000      13.09265000      10.34875000       8.28990100       6.82854600       5.88070100       5.35279600       5.18622600       5.28719600       5.59032100       6.04189600
      34.03934000      33.33744000      32.57854000      31.78554000      30.99373000      30.26719000      29.70684000      29.41640000      23.37944000      18.14313000      13.96645000      10.77733000       8.38854100       6.66524600       5.50195600       4.80647600       4.53201100       4.59214600       4.90313100       5.38688600
      33.19412000      32.53025000      31.81124000      31.04932000      30.25473000      29.41640000      28.52742000      26.64024000      22.63046000      18.02521000      13.93592000      10.61627000       8.06199600       6.19152600       4.90295100       4.10604400       3.74575200       3.84673300       4.21328300       4.75883100
      32.29371000      31.62262000      30.87757000      30.05020000      29.11427000      28.00207000      26.51389000      24.19111000      20.79518000      16.85231000      13.05792000       9.81328600       7.26346100       5.38909600       4.08919400       3.25807000       2.87903800       3.06978200       3.55264300       4.18445000
      31.35120000      30.64209000      29.83204000      28.89454000      27.77824000      26.38556000      24.54413000      22.04263000      18.83311000      15.19289000      11.59065000       8.45769100       6.03092600       4.30438000       3.13794900       2.38142100       1.91640100       2.38083100       2.99183900       3.70292400
      30.39024000      29.62926000      28.74286000      27.69442000      26.42443000      24.84028000      22.81463000      20.22125000      17.02943000      13.41142000       9.77172600       6.65846600       4.44675600       3.03578300       2.16434600       1.67333800       1.55205600       1.95883400       2.59359600       3.34560300
      29.43721000      28.62456000      27.67002000      26.53478000      25.16330000      23.48024000      21.39151000      18.78923000      15.57262000      11.78842000       7.81809600       4.47822600       2.65649200       1.75072500       1.27065900       1.09312400       1.19981800       1.69951400       2.34746000       3.11860300
      28.51547000      27.66030000      26.65569000      25.46538000      24.04261000      22.33172000      20.27202000      17.78649000      14.65564000      10.63022000       6.22388100       1.91640100       1.15754200       0.73686600       0.58221150       0.65217000       0.93042900       1.54374700       2.22604500       3.01461800
      27.64245000      26.75812000      25.72421000      24.50840000      23.07140000      21.36990000      19.36488000      17.03789000      14.41640000       9.97063600       5.60659100       2.14485200       0.65337550       0.23078450       0.20398000       0.41210150       0.80076800       1.50768600       2.22524600       3.02927800
      26.82903000      25.92979000      24.88640000      23.67036000      22.24612000      20.57001000      18.58771000      16.21721000      13.23312000       9.41950100       5.41420100       1.91640100       0.66225600       0.16613450       0.14000000       0.39743550       0.84099050       1.41634000       2.35147100       3.16292300
      26.08018000      25.17905000      24.14351000      22.94933000      21.56433000      19.94212000      18.00827000      15.63850000      12.67693000       9.15368600       5.53689600       2.60708200       0.99420800       0.37725600       0.32459200       0.59391800       1.05694100       1.64528900       2.61014900       3.41665300
      25.39611000      24.50340000      23.48899000      22.33442000      21.01490000      19.49225000      17.69722000      15.49451000      12.67991000       9.24078600       5.69821600       2.87277700       1.28559300       0.70943350       0.69389150       0.97863200       1.44285900       2.02293800       3.00239800       3.78949300
      24.77390000      23.89617000      22.91026000      21.80424000      20.56401000      19.17076000      17.59211000      15.73874000      13.23834000       9.63068600       5.73666100       2.67339900       1.40546000       1.14933500       1.24451500       1.54383200       1.99172700       2.54363000       3.52479300       4.27715700
      24.20931000      23.34929000      22.39282000      21.33277000      20.16289000      18.87908000      17.48224000      15.98407000      14.41640000      10.14796000       5.95235100       1.91640100       1.79884600       1.91640100       2.01764400       2.29059800       2.69498500       3.19713700       4.16905300       4.87147600
