       0.00123102       0.00123102       0.00123102       0.00123102       0.00123102       0.00123102       0.00123102       0.00123102       0.00123102       0.00123102       0.00123102       0.00123102       0.00123102       0.00123102       0.00123102       0.00123102       0.00123102       0.00123102       0.00123102       0.00123102
       0.00123102       0.00123102       0.00123102       0.00123102       0.00123102       0.00123102       0.00123102       0.00123102       0.00123102       0.00123102       0.00123102       0.00123102       0.00123102       0.00123102       0.00123102       0.00123102       0.00123102       0.00123102       0.00123102       0.00123102
       0.00123102       0.00123102       0.00123102       0.00123102       0.00123102       0.00123102       0.00123102       0.00123102       0.00123102       0.00123102       0.00123102       0.00123102       0.00123102       0.00123102       0.00123102       0.00123102       0.00123102       0.00123102       0.00123102       0.00123102
       0.00123102       0.00123102       0.00123102       0.00123102       0.00123102       0.00123102       0.00123102       0.00123102       0.00123102       0.00123102       0.00123102       0.00123102       0.00123102       0.00123102       0.00123102       0.00123102       0.00123102       0.00123102       0.00123102       0.00123102
       0.00123102       0.00123102       0.00123102       0.00123102       0.00123102       0.00123102       0.00123102       0.00123102       0.00123102       0.00123102       0.00123102       0.00123102       0.00123102       0.00123102       0.00123102       0.00123102       0.00123102       0.00123102       0.00123102       0.00123102
       0.00123102       0.00123102       0.00123102       0.00123102       0.00123102       0.00123102       0.00123102       0.00123102       0.00123102       0.00123102       0.00123102       0.00123102       0.00123102       0.00123102       0.00123102       0.00123102       0.00123102       0.00123102       0.00123102       0.00123102
       0.00123102       0.00123102       0.00123102       0.00123102       0.00123102       0.00123102       0.00123102       0.00123102       0.00123102       0.00123102       0.00123102       0.00123102       0.00123102       0.00123102       0.00123102       0.00123102       0.00123102       0.00123102       0.00123102       0.00123102
       0.00123102       0.00123102       0.00123102       0.00123102       0.00123102       0.00123102       0.00123102       0.00123102       0.00123102       0.00123102       0.00123102       0.00123102       0.00123102       0.00123102       0.00123102       0.00123102       0.00123102       0.00123102       0.00123102       0.00123102
       0.00123102       0.00123102       0.00123102       0.00123102       0.00123102       0.00123102       0.00123102       0.00123102       0.00123102       0.00123102       0.00123102       0.00123102       0.00123102       0.00123102       0.00123102       0.00123102       0.00123102       0.00123102       0.00123102       0.00123102
       0.00123102       0.00123102       0.00123102       0.00123102       0.00123102       0.00123102       0.00123102       0.00123102       0.00123102       0.00123102       0.00123102       0.00123102       0.00123102       0.00123102       0.00123102       0.00123102       0.00123102       0.00123102       0.00123102       0.00123102
       0.00123102       0.00123102       0.00123102       0.00123102       0.00123102       0.00123102       0.00123102       0.00123102       0.00123102       0.00123102       0.00123102       0.00123102       0.00123102       0.00123102       0.00123102       0.00123102       0.00123102       0.00123102       0.00123102       0.00123102
       0.00123102       0.00123102       0.00123102       0.00123102       0.00123102       0.00123102       0.00123102       0.00123102       0.00123102       0.00123102       0.00123102       0.00123102       0.00123102       0.00123102       0.00123102       0.00123102       0.00123102       0.00123102       0.00123102       0.00123102
       0.00123102       0.00123102       0.00123102       0.00123102       0.00123102       0.00123102       0.00123102       0.00123102       0.00123102       0.00123102       0.00123102       0.00123102       0.00123102       0.00123102       0.00123102       0.00123102       0.00123102       0.00123102       0.00123102       0.00123102
       0.00123102       0.00123102       0.00123102       0.00123102       0.00123102       0.00123102       0.00123102       0.00123102       0.00123102       0.00123102       0.00123102       0.00123102       0.00123102       0.00123102       0.00123102       0.00123102       0.00123102       0.00123102       0.00123102       0.00123102
       0.00123102       0.00123102       0.00123102       0.00123102       0.00123102       0.00123102       0.00123102       0.00123102       0.00123102       0.00123102       0.00123102       0.00123102       0.00123102       0.00123102       0.00123102       0.00123102       0.00123102       0.00123102       0.00123102       0.00123102
       0.00123102       0.00123102       0.00123102       0.00123102       0.00123102       0.00123102       0.00123102       0.00123102       0.00123102       0.00123102       0.00123102       0.00123102       0.00123102       0.00123102       0.00123102       0.00123102       0.00123102       0.00123102       0.00123102       0.00123102
       0.00123102       0.00123102       0.00123102       0.00123102       0.00123102       0.00123102       0.00123102       0.00123102       0.00123102       0.00123102       0.00123102       0.00123102       0.00123102       0.00123102       0.00123102       0.00123102       0.00123102       0.00123102       0.00123102       0.00123102
       0.00123102       0.00123102       0.00123102       0.00123102       0.00123102       0.00123102       0.00123102       0.00123102       0.00123102       0.00123102       0.00123102       0.00123102       0.00123102       0.00123102       0.00123102       0.00123102       0.00123102       0.00123102       0.00123102       0.00123102
       0.00123102       0.00123102       0.00123102       0.00123102       0.00123102       0.00123102       0.00123102       0.00123102       0.00123102       0.00123102       0.00123102       0.00123102       0.00123102       0.00123102       0.00123102       0.00123102       0.00123102       0.00123102       0.00123102       0.00123102
       0.00123102       0.00123102       0.00123102       0.00123102       0.00123102       0.00123102       0.00123102       0.00123102       0.00123102       0.00123102       0.00123102       0.00123102       0.00123102       0.00123102       0.00123102       0.00123102       0.00123102       0.00123102       0.00123102       0.00123102
       0.00123102       0.00123102       0.00123102       0.00123102       0.00123102       0.00123102       0.00123102       0.00123102       0.00123102       0.00123102       0.00123102       0.00123102       0.00123102       0.00123102       0.00123102       0.00123102       0.00123102       0.00123102       0.00123102       0.00123102
       0.00123102       0.00123102       0.00123102       0.00123102       0.00123102       0.00123102       0.00123102       0.00123102       0.00123102       0.00123102       0.00123102       0.00123102       0.00123102       0.00123102       0.00123102       0.00123102       0.00123102       0.00123102       0.00123102       0.00123102
       0.00123102       0.00123102       0.00123102       0.00123102       0.00123102       0.00123102       0.00123102       0.00123102       0.00123102       0.00123102       0.00123102       0.00123102       0.00123102       0.00123102       0.00123102       0.00123102       0.00123102       0.00123102       0.00123102       0.00123102
       0.00123102       0.00123102       0.00123102       0.00123102       0.00123102       0.00123102       0.00123102       0.00123102       0.00123102       0.00123102       0.00123102       0.00123102       0.00123102       0.00123102       0.00123102       0.00123102       0.00123102       0.00123102       0.00123102       0.00123102
       0.00123102       0.00123102       0.00123102       0.00123102       0.00123102       0.00123102       0.00123102       0.00123102       0.00123102       0.00123102       0.00123102       0.00123102       0.00123102       0.00123102       0.00123102       0.00123102       0.00123102       0.00123102       0.00123102       0.00123102
       0.00123102       0.00123102       0.00123102       0.00123102       0.00123102       0.00123102       0.00123102       0.00123102       0.00123102       0.00123102       0.00123102       0.00123102       0.00123102       0.00123102       0.00123102       0.00123102       0.00123102       0.00123102       0.00123102       0.00123102
       0.00123102       0.00123102       0.00123102       0.00123102       0.00123102       0.00123102       0.00123102       0.00123102       0.00123102       0.00123102       0.00123102       0.00123102       0.00123102       0.00123102       0.00123102       0.00123102       0.00123102       0.00123102       0.00123102       0.00123102
       0.00123102       0.00123102       0.00123102       0.00123102       0.00123102       0.00123102       0.00123102       0.00123102       0.00123102       0.00123102       0.00123102       0.00123102       0.00123102       0.00123102       0.00123102       0.00123102       0.00123102       0.00123102       0.00123102       0.00123102
       0.00123102       0.00123102       0.00123102       0.00123102       0.00123102       0.00123102       0.00123102       0.00123102       0.00123102       0.00123102       0.00123102       0.00123102       0.00123102       0.00123102       0.00123102       0.00123102       0.00123102       0.00123102       0.00123102       0.00123102
       0.00123102       0.00123102       0.00123102       0.00123102       0.00123102       0.00123102       0.00123102       0.00123102       0.00123102       0.00123102       0.00123102       0.00123102       0.00123102       0.00123102       0.00123102       0.00123102       0.00123102       0.00123102       0.00123102       0.00123102
       0.00123102       0.00123102       0.00123102       0.00123102       0.00123102       0.00123102       0.00123102       0.00123102       0.00123102       0.00123102       0.00123102       0.00123102       0.00123102       0.00123102       0.00123102       0.00123102       0.00123102       0.00123102       0.00123102       0.00123102
       0.00123102       0.00123102       0.00123102       0.00123102       0.00123102       0.00123102       0.00123102       0.00123102       0.00123102       0.00123102       0.00123102       0.00123102       0.00123102       0.00123102       0.00123102       0.00123102       0.00123102       0.00123102       0.00123102       0.00123102
       0.00123102       0.00123102       0.00123102       0.00123102       0.00123102       0.00123102       0.00123102       0.00123102       0.00123102       0.00123102       0.00123102       0.00123102       0.00123102       0.00123102       0.00123102       0.00123102       0.00123102       0.00123102       0.00123102       0.00123102
       0.00123102       0.00123102       0.00123102       0.00123102       0.00123102       0.00123102       0.00123102       0.00123102       0.00123102       0.00123102       0.00123102       0.00123102       0.00123102       0.00123102       0.00123102       0.00123102       0.00123102       0.00123102       0.00123102       0.00123102
       0.00123102       0.00123102       0.00123102       0.00123102       0.00123102       0.00123102       0.00123102       0.00123102       0.00123102       0.00123102       0.00123102       0.00123102       0.00123102       0.00123102       0.00123102       0.00123102       0.00123102       0.00123102       0.00123102       0.00123102
       0.00123102       0.00123102       0.00123102       0.00123102       0.00123102       0.00123102       0.00123102       0.00123102       0.00123102       0.00123102       0.00123102       0.00123102       0.00123102       0.00123102       0.00123102       0.00123102       0.00123102       0.00123102       0.00123102       0.00123102
       0.00123102       0.00123102       0.00123102       0.00123102       0.00123102       0.00123102       0.00123102       0.00123102       0.00123102       0.00123102       0.00123102       0.00123102       0.00123102       0.00123102       0.00123102       0.00123102       0.00123102       0.00123102       0.00123102       0.00123102
       0.00123102       0.00123102       0.00123102       0.00123102       0.00123102       0.00123102       0.00123102       0.00123102       0.00123102       0.00123102       0.00123102       0.00123102       0.00123102       0.00123102       0.00123102       0.00123102       0.00123102       0.00123102       0.00123102       0.00123102
       0.00123102       0.00123102       0.00123102       0.00123102       0.00123102       0.00123102       0.00123102       0.00123102       0.00123102       0.00123102       0.00123102       0.00123102       0.00123102       0.00123102       0.00123102       0.00123102       0.00123102       0.00123102       0.00123102       0.00123102
       0.00123102       0.00123102       0.00123102       0.00123102       0.00123102       0.00123102       0.00123102       0.00123102       0.00123102       0.00123102       0.00123102       0.00123102       0.00123102       0.00123102       0.00123102       0.00123102       0.00123102       0.00123102       0.00123102       0.00123102
