       0.00289338       0.00289338       0.00289338       0.00289338       0.00289338       0.00289338       0.00289338       0.00289338       0.00289338       0.00289338       0.00289338       0.00289338       0.00289338       0.00289338       0.00289338       0.00289338       0.00289338       0.00289338       0.00289338       0.00289338
       0.00289338       0.00289338       0.00289338       0.00289338       0.00289338       0.00289338       0.00289338       0.00289338       0.00289338       0.00289338       0.00289338       0.00289338       0.00289338       0.00289338       0.00289338       0.00289338       0.00289338       0.00289338       0.00289338       0.00289338
       0.00289338       0.00289338       0.00289338       0.00289338       0.00289338       0.00289338       0.00289338       0.00289338       0.00289338       0.00289338       0.00289338       0.00289338       0.00289338       0.00289338       0.00289338       0.00289338       0.00289338       0.00289338       0.00289338       0.00289338
       0.00289338       0.00289338       0.00289338       0.00289338       0.00289338       0.00289338       0.00289338       0.00289338       0.00289338       0.00289338       0.00289338       0.00289338       0.00289338       0.00289338       0.00289338       0.00289338       0.00289338       0.00289338       0.00289338       0.00289338
       0.00289338       0.00289338       0.00289338       0.00289338       0.00289338       0.00289338       0.00289338       0.00289338       0.00289338       0.00289338       0.00289338       0.00289338       0.00289338       0.00289338       0.00289338       0.00289338       0.00289338       0.00289338       0.00289338       0.00289338
       0.00289338       0.00289338       0.00289338       0.00289338       0.00289338       0.00289338       0.00289338       0.00289338       0.00289338       0.00289338       0.00289338       0.00289338       0.00289338       0.00289338       0.00289338       0.00289338       0.00289338       0.00289338       0.00289338       0.00289338
       0.00289338       0.00289338       0.00289338       0.00289338       0.00289338       0.00289338       0.00289338       0.00289338       0.00289338       0.00289338       0.00289338       0.00289338       0.00289338       0.00289338       0.00289338       0.00289338       0.00289338       0.00289338       0.00289338       0.00289338
       0.00289338       0.00289338       0.00289338       0.00289338       0.00289338       0.00289338       0.00289338       0.00289338       0.00289338       0.00289338       0.00289338       0.00289338       0.00289338       0.00289338       0.00289338       0.00289338       0.00289338       0.00289338       0.00289338       0.00289338
       0.00289338       0.00289338       0.00289338       0.00289338       0.00289338       0.00289338       0.00289338       0.00289338       0.00289338       0.00289338       0.00289338       0.00289338       0.00289338       0.00289338       0.00289338       0.00289338       0.00289338       0.00289338       0.00289338       0.00289338
       0.00289338       0.00289338       0.00289338       0.00289338       0.00289338       0.00289338       0.00289338       0.00289338       0.00289338       0.00289338       0.00289338       0.00289338       0.00289338       0.00289338       0.00289338       0.00289338       0.00289338       0.00289338       0.00289338       0.00289338
       0.00289338       0.00289338       0.00289338       0.00289338       0.00289338       0.00289338       0.00289338       0.00289338       0.00289338       0.00289338       0.00289338       0.00289338       0.00289338       0.00289338       0.00289338       0.00289338       0.00289338       0.00289338       0.00289338       0.00289338
       0.00289338       0.00289338       0.00289338       0.00289338       0.00289338       0.00289338       0.00289338       0.00289338       0.00289338       0.00289338       0.00289338       0.00289338       0.00289338       0.00289338       0.00289338       0.00289338       0.00289338       0.00289338       0.00289338       0.00289338
       0.00289338       0.00289338       0.00289338       0.00289338       0.00289338       0.00289338       0.00289338       0.00289338       0.00289338       0.00289338       0.00289338       0.00289338       0.00289338       0.00289338       0.00289338       0.00289338       0.00289338       0.00289338       0.00289338       0.00289338
       0.00289338       0.00289338       0.00289338       0.00289338       0.00289338       0.00289338       0.00289338       0.00289338       0.00289338       0.00289338       0.00289338       0.00289338       0.00289338       0.00289338       0.00289338       0.00289338       0.00289338       0.00289338       0.00289338       0.00289338
       0.00289338       0.00289338       0.00289338       0.00289338       0.00289338       0.00289338       0.00289338       0.00289338       0.00289338       0.00289338       0.00289338       0.00289338       0.00289338       0.00289338       0.00289338       0.00289338       0.00289338       0.00289338       0.00289338       0.00289338
       0.00289338       0.00289338       0.00289338       0.00289338       0.00289338       0.00289338       0.00289338       0.00289338       0.00289338       0.00289338       0.00289338       0.00289338       0.00289338       0.00289338       0.00289338       0.00289338       0.00289338       0.00289338       0.00289338       0.00289338
       0.00289338       0.00289338       0.00289338       0.00289338       0.00289338       0.00289338       0.00289338       0.00289338       0.00289338       0.00289338       0.00289338       0.00289338       0.00289338       0.00289338       0.00289338       0.00289338       0.00289338       0.00289338       0.00289338       0.00289338
       0.00289338       0.00289338       0.00289338       0.00289338       0.00289338       0.00289338       0.00289338       0.00289338       0.00289338       0.00289338       0.00289338       0.00289338       0.00289338       0.00289338       0.00289338       0.00289338       0.00289338       0.00289338       0.00289338       0.00289338
       0.00289338       0.00289338       0.00289338       0.00289338       0.00289338       0.00289338       0.00289338       0.00289338       0.00289338       0.00289338       0.00289338       0.00289338       0.00289338       0.00289338       0.00289338       0.00289338       0.00289338       0.00289338       0.00289338       0.00289338
       0.00289338       0.00289338       0.00289338       0.00289338       0.00289338       0.00289338       0.00289338       0.00289338       0.00289338       0.00289338       0.00289338       0.00289338       0.00289338       0.00289338       0.00289338       0.00289338       0.00289338       0.00289338       0.00289338       0.00289338
       0.00289338       0.00289338       0.00289338       0.00289338       0.00289338       0.00289338       0.00289338       0.00289338       0.00289338       0.00289338       0.00289338       0.00289338       0.00289338       0.00289338       0.00289338       0.00289338       0.00289338       0.00289338       0.00289338       0.00289338
       0.00289338       0.00289338       0.00289338       0.00289338       0.00289338       0.00289338       0.00289338       0.00289338       0.00289338       0.00289338       0.00289338       0.00289338       0.00289338       0.00289338       0.00289338       0.00289338       0.00289338       0.00289338       0.00289338       0.00289338
       0.00289338       0.00289338       0.00289338       0.00289338       0.00289338       0.00289338       0.00289338       0.00289338       0.00289338       0.00289338       0.00289338       0.00289338       0.00289338       0.00289338       0.00289338       0.00289338       0.00289338       0.00289338       0.00289338       0.00289338
       0.00289338       0.00289338       0.00289338       0.00289338       0.00289338       0.00289338       0.00289338       0.00289338       0.00289338       0.00289338       0.00289338       0.00289338       0.00289338       0.00289338       0.00289338       0.00289338       0.00289338       0.00289338       0.00289338       0.00289338
       0.00289338       0.00289338       0.00289338       0.00289338       0.00289338       0.00289338       0.00289338       0.00289338       0.00289338       0.00289338       0.00289338       0.00289338       0.00289338       0.00289338       0.00289338       0.00289338       0.00289338       0.00289338       0.00289338       0.00289338
       0.00289338       0.00289338       0.00289338       0.00289338       0.00289338       0.00289338       0.00289338       0.00289338       0.00289338       0.00289338       0.00289338       0.00289338       0.00289338       0.00289338       0.00289338       0.00289338       0.00289338       0.00289338       0.00289338       0.00289338
       0.00289338       0.00289338       0.00289338       0.00289338       0.00289338       0.00289338       0.00289338       0.00289338       0.00289338       0.00289338       0.00289338       0.00289338       0.00289338       0.00289338       0.00289338       0.00289338       0.00289338       0.00289338       0.00289338       0.00289338
       0.00289338       0.00289338       0.00289338       0.00289338       0.00289338       0.00289338       0.00289338       0.00289338       0.00289338       0.00289338       0.00289338       0.00289338       0.00289338       0.00289338       0.00289338       0.00289338       0.00289338       0.00289338       0.00289338       0.00289338
       0.00289338       0.00289338       0.00289338       0.00289338       0.00289338       0.00289338       0.00289338       0.00289338       0.00289338       0.00289338       0.00289338       0.00289338       0.00289338       0.00289338       0.00289338       0.00289338       0.00289338       0.00289338       0.00289338       0.00289338
       0.00289338       0.00289338       0.00289338       0.00289338       0.00289338       0.00289338       0.00289338       0.00289338       0.00289338       0.00289338       0.00289338       0.00289338       0.00289338       0.00289338       0.00289338       0.00289338       0.00289338       0.00289338       0.00289338       0.00289338
       0.00289338       0.00289338       0.00289338       0.00289338       0.00289338       0.00289338       0.00289338       0.00289338       0.00289338       0.00289338       0.00289338       0.00289338       0.00289338       0.00289338       0.00289338       0.00289338       0.00289338       0.00289338       0.00289338       0.00289338
       0.00289338       0.00289338       0.00289338       0.00289338       0.00289338       0.00289338       0.00289338       0.00289338       0.00289338       0.00289338       0.00289338       0.00289338       0.00289338       0.00289338       0.00289338       0.00289338       0.00289338       0.00289338       0.00289338       0.00289338
       0.00289338       0.00289338       0.00289338       0.00289338       0.00289338       0.00289338       0.00289338       0.00289338       0.00289338       0.00289338       0.00289338       0.00289338       0.00289338       0.00289338       0.00289338       0.00289338       0.00289338       0.00289338       0.00289338       0.00289338
       0.00289338       0.00289338       0.00289338       0.00289338       0.00289338       0.00289338       0.00289338       0.00289338       0.00289338       0.00289338       0.00289338       0.00289338       0.00289338       0.00289338       0.00289338       0.00289338       0.00289338       0.00289338       0.00289338       0.00289338
       0.00289338       0.00289338       0.00289338       0.00289338       0.00289338       0.00289338       0.00289338       0.00289338       0.00289338       0.00289338       0.00289338       0.00289338       0.00289338       0.00289338       0.00289338       0.00289338       0.00289338       0.00289338       0.00289338       0.00289338
       0.00289338       0.00289338       0.00289338       0.00289338       0.00289338       0.00289338       0.00289338       0.00289338       0.00289338       0.00289338       0.00289338       0.00289338       0.00289338       0.00289338       0.00289338       0.00289338       0.00289338       0.00289338       0.00289338       0.00289338
       0.00289338       0.00289338       0.00289338       0.00289338       0.00289338       0.00289338       0.00289338       0.00289338       0.00289338       0.00289338       0.00289338       0.00289338       0.00289338       0.00289338       0.00289338       0.00289338       0.00289338       0.00289338       0.00289338       0.00289338
       0.00289338       0.00289338       0.00289338       0.00289338       0.00289338       0.00289338       0.00289338       0.00289338       0.00289338       0.00289338       0.00289338       0.00289338       0.00289338       0.00289338       0.00289338       0.00289338       0.00289338       0.00289338       0.00289338       0.00289338
       0.00289338       0.00289338       0.00289338       0.00289338       0.00289338       0.00289338       0.00289338       0.00289338       0.00289338       0.00289338       0.00289338       0.00289338       0.00289338       0.00289338       0.00289338       0.00289338       0.00289338       0.00289338       0.00289338       0.00289338
       0.00289338       0.00289338       0.00289338       0.00289338       0.00289338       0.00289338       0.00289338       0.00289338       0.00289338       0.00289338       0.00289338       0.00289338       0.00289338       0.00289338       0.00289338       0.00289338       0.00289338       0.00289338       0.00289338       0.00289338
