  4.40125000E-04  4.40125000E-04  4.40125000E-04  4.40125000E-04  4.40125000E-04  4.40125000E-04  4.40125000E-04  4.40125000E-04  4.40125000E-04  4.40125000E-04  4.40125000E-04  4.40125000E-04  4.40125000E-04  4.40125000E-04  4.40125000E-04  4.40125000E-04  4.40125000E-04  4.40125000E-04  4.40125000E-04  4.40125000E-04
  4.40125000E-04  4.40125000E-04  4.40125000E-04  4.40125000E-04  4.40125000E-04  4.40125000E-04  4.40125000E-04  4.40125000E-04  4.40125000E-04  4.40125000E-04  4.40125000E-04  4.40125000E-04  4.40125000E-04  4.40125000E-04  4.40125000E-04  4.40125000E-04  4.40125000E-04  4.40125000E-04  4.40125000E-04  4.40125000E-04
  4.40125000E-04  4.40125000E-04  4.40125000E-04  4.40125000E-04  4.40125000E-04  4.40125000E-04  4.40125000E-04  4.40125000E-04  4.40125000E-04  4.40125000E-04  4.40125000E-04  4.40125000E-04  4.40125000E-04  4.40125000E-04  4.40125000E-04  4.40125000E-04  4.40125000E-04  4.40125000E-04  4.40125000E-04  4.40125000E-04
  4.40125000E-04  4.40125000E-04  4.40125000E-04  4.40125000E-04  4.40125000E-04  4.40125000E-04  4.40125000E-04  4.40125000E-04  4.40125000E-04  4.40125000E-04  4.40125000E-04  4.40125000E-04  4.40125000E-04  4.40125000E-04  4.40125000E-04  4.40125000E-04  4.40125000E-04  4.40125000E-04  4.40125000E-04  4.40125000E-04
  4.40125000E-04  4.40125000E-04  4.40125000E-04  4.40125000E-04  4.40125000E-04  4.40125000E-04  4.40125000E-04  4.40125000E-04  4.40125000E-04  4.40125000E-04  4.40125000E-04  4.40125000E-04  4.40125000E-04  4.40125000E-04  4.40125000E-04  4.40125000E-04  4.40125000E-04  4.40125000E-04  4.40125000E-04  4.40125000E-04
  4.40125000E-04  4.40125000E-04  4.40125000E-04  4.40125000E-04  4.40125000E-04  4.40125000E-04  4.40125000E-04  4.40125000E-04  4.40125000E-04  4.40125000E-04  4.40125000E-04  4.40125000E-04  4.40125000E-04  4.40125000E-04  4.40125000E-04  4.40125000E-04  4.40125000E-04  4.40125000E-04  4.40125000E-04  4.40125000E-04
  4.40125000E-04  4.40125000E-04  4.40125000E-04  4.40125000E-04  4.40125000E-04  4.40125000E-04  4.40125000E-04  4.40125000E-04  4.40125000E-04  4.40125000E-04  4.40125000E-04  4.40125000E-04  4.40125000E-04  4.40125000E-04  4.40125000E-04  4.40125000E-04  4.40125000E-04  4.40125000E-04  4.40125000E-04  4.40125000E-04
  4.40125000E-04  4.40125000E-04  4.40125000E-04  4.40125000E-04  4.40125000E-04  4.40125000E-04  4.40125000E-04  4.40125000E-04  4.40125000E-04  4.40125000E-04  4.40125000E-04  4.40125000E-04  4.40125000E-04  4.40125000E-04  4.40125000E-04  4.40125000E-04  4.40125000E-04  4.40125000E-04  4.40125000E-04  4.40125000E-04
  4.40125000E-04  4.40125000E-04  4.40125000E-04  4.40125000E-04  4.40125000E-04  4.40125000E-04  4.40125000E-04  4.40125000E-04  4.40125000E-04  4.40125000E-04  4.40125000E-04  4.40125000E-04  4.40125000E-04  4.40125000E-04  4.40125000E-04  4.40125000E-04  4.40125000E-04  4.40125000E-04  4.40125000E-04  4.40125000E-04
  4.40125000E-04  4.40125000E-04  4.40125000E-04  4.40125000E-04  4.40125000E-04  4.40125000E-04  4.40125000E-04  4.40125000E-04  4.40125000E-04  4.40125000E-04  4.40125000E-04  4.40125000E-04  4.40125000E-04  4.40125000E-04  4.40125000E-04  4.40125000E-04  4.40125000E-04  4.40125000E-04  4.40125000E-04  4.40125000E-04
  4.40125000E-04  4.40125000E-04  4.40125000E-04  4.40125000E-04  4.40125000E-04  4.40125000E-04  4.40125000E-04  4.40125000E-04  4.40125000E-04  4.40125000E-04  4.40125000E-04  4.40125000E-04  4.40125000E-04  4.40125000E-04  4.40125000E-04  4.40125000E-04  4.40125000E-04  4.40125000E-04  4.40125000E-04  4.40125000E-04
  4.40125000E-04  4.40125000E-04  4.40125000E-04  4.40125000E-04  4.40125000E-04  4.40125000E-04  4.40125000E-04  4.40125000E-04  4.40125000E-04  4.40125000E-04  4.40125000E-04  4.40125000E-04  4.40125000E-04  4.40125000E-04  4.40125000E-04  4.40125000E-04  4.40125000E-04  4.40125000E-04  4.40125000E-04  4.40125000E-04
  4.40125000E-04  4.40125000E-04  4.40125000E-04  4.40125000E-04  4.40125000E-04  4.40125000E-04  4.40125000E-04  4.40125000E-04  4.40125000E-04  4.40125000E-04  4.40125000E-04  4.40125000E-04  4.40125000E-04  4.40125000E-04  4.40125000E-04  4.40125000E-04  4.40125000E-04  4.40125000E-04  4.40125000E-04  4.40125000E-04
  4.40125000E-04  4.40125000E-04  4.40125000E-04  4.40125000E-04  4.40125000E-04  4.40125000E-04  4.40125000E-04  4.40125000E-04  4.40125000E-04  4.40125000E-04  4.40125000E-04  4.40125000E-04  4.40125000E-04  4.40125000E-04  4.40125000E-04  4.40125000E-04  4.40125000E-04  4.40125000E-04  4.40125000E-04  4.40125000E-04
  4.40125000E-04  4.40125000E-04  4.40125000E-04  4.40125000E-04  4.40125000E-04  4.40125000E-04  4.40125000E-04  4.40125000E-04  4.40125000E-04  4.40125000E-04  4.40125000E-04  4.40125000E-04  4.40125000E-04  4.40125000E-04  4.40125000E-04  4.40125000E-04  4.40125000E-04  4.40125000E-04  4.40125000E-04  4.40125000E-04
  4.40125000E-04  4.40125000E-04  4.40125000E-04  4.40125000E-04  4.40125000E-04  4.40125000E-04  4.40125000E-04  4.40125000E-04  4.40125000E-04  4.40125000E-04  4.40125000E-04  4.40125000E-04  4.40125000E-04  4.40125000E-04  4.40125000E-04  4.40125000E-04  4.40125000E-04  4.40125000E-04  4.40125000E-04  4.40125000E-04
  4.40125000E-04  4.40125000E-04  4.40125000E-04  4.40125000E-04  4.40125000E-04  4.40125000E-04  4.40125000E-04  4.40125000E-04  4.40125000E-04  4.40125000E-04  4.40125000E-04  4.40125000E-04  4.40125000E-04  4.40125000E-04  4.40125000E-04  4.40125000E-04  4.40125000E-04  4.40125000E-04  4.40125000E-04  4.40125000E-04
  4.40125000E-04  4.40125000E-04  4.40125000E-04  4.40125000E-04  4.40125000E-04  4.40125000E-04  4.40125000E-04  4.40125000E-04  4.40125000E-04  4.40125000E-04  4.40125000E-04  4.40125000E-04  4.40125000E-04  4.40125000E-04  4.40125000E-04  4.40125000E-04  4.40125000E-04  4.40125000E-04  4.40125000E-04  4.40125000E-04
  4.40125000E-04  4.40125000E-04  4.40125000E-04  4.40125000E-04  4.40125000E-04  4.40125000E-04  4.40125000E-04  4.40125000E-04  4.40125000E-04  4.40125000E-04  4.40125000E-04  4.40125000E-04  4.40125000E-04  4.40125000E-04  4.40125000E-04  4.40125000E-04  4.40125000E-04  4.40125000E-04  4.40125000E-04  4.40125000E-04
  4.40125000E-04  4.40125000E-04  4.40125000E-04  4.40125000E-04  4.40125000E-04  4.40125000E-04  4.40125000E-04  4.40125000E-04  4.40125000E-04  4.40125000E-04  4.40125000E-04  4.40125000E-04  4.40125000E-04  4.40125000E-04  4.40125000E-04  4.40125000E-04  4.40125000E-04  4.40125000E-04  4.40125000E-04  4.40125000E-04
  4.40125000E-04  4.40125000E-04  4.40125000E-04  4.40125000E-04  4.40125000E-04  4.40125000E-04  4.40125000E-04  4.40125000E-04  4.40125000E-04  4.40125000E-04  4.40125000E-04  4.40125000E-04  4.40125000E-04  4.40125000E-04  4.40125000E-04  4.40125000E-04  4.40125000E-04  4.40125000E-04  4.40125000E-04  4.40125000E-04
  4.40125000E-04  4.40125000E-04  4.40125000E-04  4.40125000E-04  4.40125000E-04  4.40125000E-04  4.40125000E-04  4.40125000E-04  4.40125000E-04  4.40125000E-04  4.40125000E-04  4.40125000E-04  4.40125000E-04  4.40125000E-04  4.40125000E-04  4.40125000E-04  4.40125000E-04  4.40125000E-04  4.40125000E-04  4.40125000E-04
  4.40125000E-04  4.40125000E-04  4.40125000E-04  4.40125000E-04  4.40125000E-04  4.40125000E-04  4.40125000E-04  4.40125000E-04  4.40125000E-04  4.40125000E-04  4.40125000E-04  4.40125000E-04  4.40125000E-04  4.40125000E-04  4.40125000E-04  4.40125000E-04  4.40125000E-04  4.40125000E-04  4.40125000E-04  4.40125000E-04
  4.40125000E-04  4.40125000E-04  4.40125000E-04  4.40125000E-04  4.40125000E-04  4.40125000E-04  4.40125000E-04  4.40125000E-04  4.40125000E-04  4.40125000E-04  4.40125000E-04  4.40125000E-04  4.40125000E-04  4.40125000E-04  4.40125000E-04  4.40125000E-04  4.40125000E-04  4.40125000E-04  4.40125000E-04  4.40125000E-04
  4.40125000E-04  4.40125000E-04  4.40125000E-04  4.40125000E-04  4.40125000E-04  4.40125000E-04  4.40125000E-04  4.40125000E-04  4.40125000E-04  4.40125000E-04  4.40125000E-04  4.40125000E-04  4.40125000E-04  4.40125000E-04  4.40125000E-04  4.40125000E-04  4.40125000E-04  4.40125000E-04  4.40125000E-04  4.40125000E-04
  4.40125000E-04  4.40125000E-04  4.40125000E-04  4.40125000E-04  4.40125000E-04  4.40125000E-04  4.40125000E-04  4.40125000E-04  4.40125000E-04  4.40125000E-04  4.40125000E-04  4.40125000E-04  4.40125000E-04  4.40125000E-04  4.40125000E-04  4.40125000E-04  4.40125000E-04  4.40125000E-04  4.40125000E-04  4.40125000E-04
  4.40125000E-04  4.40125000E-04  4.40125000E-04  4.40125000E-04  4.40125000E-04  4.40125000E-04  4.40125000E-04  4.40125000E-04  4.40125000E-04  4.40125000E-04  4.40125000E-04  4.40125000E-04  4.40125000E-04  4.40125000E-04  4.40125000E-04  4.40125000E-04  4.40125000E-04  4.40125000E-04  4.40125000E-04  4.40125000E-04
  4.40125000E-04  4.40125000E-04  4.40125000E-04  4.40125000E-04  4.40125000E-04  4.40125000E-04  4.40125000E-04  4.40125000E-04  4.40125000E-04  4.40125000E-04  4.40125000E-04  4.40125000E-04  4.40125000E-04  4.40125000E-04  4.40125000E-04  4.40125000E-04  4.40125000E-04  4.40125000E-04  4.40125000E-04  4.40125000E-04
  4.40125000E-04  4.40125000E-04  4.40125000E-04  4.40125000E-04  4.40125000E-04  4.40125000E-04  4.40125000E-04  4.40125000E-04  4.40125000E-04  4.40125000E-04  4.40125000E-04  4.40125000E-04  4.40125000E-04  4.40125000E-04  4.40125000E-04  4.40125000E-04  4.40125000E-04  4.40125000E-04  4.40125000E-04  4.40125000E-04
  4.40125000E-04  4.40125000E-04  4.40125000E-04  4.40125000E-04  4.40125000E-04  4.40125000E-04  4.40125000E-04  4.40125000E-04  4.40125000E-04  4.40125000E-04  4.40125000E-04  4.40125000E-04  4.40125000E-04  4.40125000E-04  4.40125000E-04  4.40125000E-04  4.40125000E-04  4.40125000E-04  4.40125000E-04  4.40125000E-04
  4.40125000E-04  4.40125000E-04  4.40125000E-04  4.40125000E-04  4.40125000E-04  4.40125000E-04  4.40125000E-04  4.40125000E-04  4.40125000E-04  4.40125000E-04  4.40125000E-04  4.40125000E-04  4.40125000E-04  4.40125000E-04  4.40125000E-04  4.40125000E-04  4.40125000E-04  4.40125000E-04  4.40125000E-04  4.40125000E-04
  4.40125000E-04  4.40125000E-04  4.40125000E-04  4.40125000E-04  4.40125000E-04  4.40125000E-04  4.40125000E-04  4.40125000E-04  4.40125000E-04  4.40125000E-04  4.40125000E-04  4.40125000E-04  4.40125000E-04  4.40125000E-04  4.40125000E-04  4.40125000E-04  4.40125000E-04  4.40125000E-04  4.40125000E-04  4.40125000E-04
  4.40125000E-04  4.40125000E-04  4.40125000E-04  4.40125000E-04  4.40125000E-04  4.40125000E-04  4.40125000E-04  4.40125000E-04  4.40125000E-04  4.40125000E-04  4.40125000E-04  4.40125000E-04  4.40125000E-04  4.40125000E-04  4.40125000E-04  4.40125000E-04  4.40125000E-04  4.40125000E-04  4.40125000E-04  4.40125000E-04
  4.40125000E-04  4.40125000E-04  4.40125000E-04  4.40125000E-04  4.40125000E-04  4.40125000E-04  4.40125000E-04  4.40125000E-04  4.40125000E-04  4.40125000E-04  4.40125000E-04  4.40125000E-04  4.40125000E-04  4.40125000E-04  4.40125000E-04  4.40125000E-04  4.40125000E-04  4.40125000E-04  4.40125000E-04  4.40125000E-04
  4.40125000E-04  4.40125000E-04  4.40125000E-04  4.40125000E-04  4.40125000E-04  4.40125000E-04  4.40125000E-04  4.40125000E-04  4.40125000E-04  4.40125000E-04  4.40125000E-04  4.40125000E-04  4.40125000E-04  4.40125000E-04  4.40125000E-04  4.40125000E-04  4.40125000E-04  4.40125000E-04  4.40125000E-04  4.40125000E-04
  4.40125000E-04  4.40125000E-04  4.40125000E-04  4.40125000E-04  4.40125000E-04  4.40125000E-04  4.40125000E-04  4.40125000E-04  4.40125000E-04  4.40125000E-04  4.40125000E-04  4.40125000E-04  4.40125000E-04  4.40125000E-04  4.40125000E-04  4.40125000E-04  4.40125000E-04  4.40125000E-04  4.40125000E-04  4.40125000E-04
  4.40125000E-04  4.40125000E-04  4.40125000E-04  4.40125000E-04  4.40125000E-04  4.40125000E-04  4.40125000E-04  4.40125000E-04  4.40125000E-04  4.40125000E-04  4.40125000E-04  4.40125000E-04  4.40125000E-04  4.40125000E-04  4.40125000E-04  4.40125000E-04  4.40125000E-04  4.40125000E-04  4.40125000E-04  4.40125000E-04
  4.40125000E-04  4.40125000E-04  4.40125000E-04  4.40125000E-04  4.40125000E-04  4.40125000E-04  4.40125000E-04  4.40125000E-04  4.40125000E-04  4.40125000E-04  4.40125000E-04  4.40125000E-04  4.40125000E-04  4.40125000E-04  4.40125000E-04  4.40125000E-04  4.40125000E-04  4.40125000E-04  4.40125000E-04  4.40125000E-04
  4.40125000E-04  4.40125000E-04  4.40125000E-04  4.40125000E-04  4.40125000E-04  4.40125000E-04  4.40125000E-04  4.40125000E-04  4.40125000E-04  4.40125000E-04  4.40125000E-04  4.40125000E-04  4.40125000E-04  4.40125000E-04  4.40125000E-04  4.40125000E-04  4.40125000E-04  4.40125000E-04  4.40125000E-04  4.40125000E-04
  4.40125000E-04  4.40125000E-04  4.40125000E-04  4.40125000E-04  4.40125000E-04  4.40125000E-04  4.40125000E-04  4.40125000E-04  4.40125000E-04  4.40125000E-04  4.40125000E-04  4.40125000E-04  4.40125000E-04  4.40125000E-04  4.40125000E-04  4.40125000E-04  4.40125000E-04  4.40125000E-04  4.40125000E-04  4.40125000E-04
