       0.00176997       0.00176997       0.00176997       0.00176997       0.00176997       0.00176997       0.00176997       0.00176997       0.00176997       0.00176997       0.00176997       0.00176997       0.00176997       0.00176997       0.00176997       0.00176997       0.00176997       0.00176997       0.00176997       0.00176997
       0.00176997       0.00176997       0.00176997       0.00176997       0.00176997       0.00176997       0.00176997       0.00176997       0.00176997       0.00176997       0.00176997       0.00176997       0.00176997       0.00176997       0.00176997       0.00176997       0.00176997       0.00176997       0.00176997       0.00176997
       0.00176997       0.00176997       0.00176997       0.00176997       0.00176997       0.00176997       0.00176997       0.00176997       0.00176997       0.00176997       0.00176997       0.00176997       0.00176997       0.00176997       0.00176997       0.00176997       0.00176997       0.00176997       0.00176997       0.00176997
       0.00176997       0.00176997       0.00176997       0.00176997       0.00176997       0.00176997       0.00176997       0.00176997       0.00176997       0.00176997       0.00176997       0.00176997       0.00176997       0.00176997       0.00176997       0.00176997       0.00176997       0.00176997       0.00176997       0.00176997
       0.00176997       0.00176997       0.00176997       0.00176997       0.00176997       0.00176997       0.00176997       0.00176997       0.00176997       0.00176997       0.00176997       0.00176997       0.00176997       0.00176997       0.00176997       0.00176997       0.00176997       0.00176997       0.00176997       0.00176997
       0.00176997       0.00176997       0.00176997       0.00176997       0.00176997       0.00176997       0.00176997       0.00176997       0.00176997       0.00176997       0.00176997       0.00176997       0.00176997       0.00176997       0.00176997       0.00176997       0.00176997       0.00176997       0.00176997       0.00176997
       0.00176997       0.00176997       0.00176997       0.00176997       0.00176997       0.00176997       0.00176997       0.00176997       0.00176997       0.00176997       0.00176997       0.00176997       0.00176997       0.00176997       0.00176997       0.00176997       0.00176997       0.00176997       0.00176997       0.00176997
       0.00176997       0.00176997       0.00176997       0.00176997       0.00176997       0.00176997       0.00176997       0.00176997       0.00176997       0.00176997       0.00176997       0.00176997       0.00176997       0.00176997       0.00176997       0.00176997       0.00176997       0.00176997       0.00176997       0.00176997
       0.00176997       0.00176997       0.00176997       0.00176997       0.00176997       0.00176997       0.00176997       0.00176997       0.00176997       0.00176997       0.00176997       0.00176997       0.00176997       0.00176997       0.00176997       0.00176997       0.00176997       0.00176997       0.00176997       0.00176997
       0.00176997       0.00176997       0.00176997       0.00176997       0.00176997       0.00176997       0.00176997       0.00176997       0.00176997       0.00176997       0.00176997       0.00176997       0.00176997       0.00176997       0.00176997       0.00176997       0.00176997       0.00176997       0.00176997       0.00176997
       0.00176997       0.00176997       0.00176997       0.00176997       0.00176997       0.00176997       0.00176997       0.00176997       0.00176997       0.00176997       0.00176997       0.00176997       0.00176997       0.00176997       0.00176997       0.00176997       0.00176997       0.00176997       0.00176997       0.00176997
       0.00176997       0.00176997       0.00176997       0.00176997       0.00176997       0.00176997       0.00176997       0.00176997       0.00176997       0.00176997       0.00176997       0.00176997       0.00176997       0.00176997       0.00176997       0.00176997       0.00176997       0.00176997       0.00176997       0.00176997
       0.00176997       0.00176997       0.00176997       0.00176997       0.00176997       0.00176997       0.00176997       0.00176997       0.00176997       0.00176997       0.00176997       0.00176997       0.00176997       0.00176997       0.00176997       0.00176997       0.00176997       0.00176997       0.00176997       0.00176997
       0.00176997       0.00176997       0.00176997       0.00176997       0.00176997       0.00176997       0.00176997       0.00176997       0.00176997       0.00176997       0.00176997       0.00176997       0.00176997       0.00176997       0.00176997       0.00176997       0.00176997       0.00176997       0.00176997       0.00176997
       0.00176997       0.00176997       0.00176997       0.00176997       0.00176997       0.00176997       0.00176997       0.00176997       0.00176997       0.00176997       0.00176997       0.00176997       0.00176997       0.00176997       0.00176997       0.00176997       0.00176997       0.00176997       0.00176997       0.00176997
       0.00176997       0.00176997       0.00176997       0.00176997       0.00176997       0.00176997       0.00176997       0.00176997       0.00176997       0.00176997       0.00176997       0.00176997       0.00176997       0.00176997       0.00176997       0.00176997       0.00176997       0.00176997       0.00176997       0.00176997
       0.00176997       0.00176997       0.00176997       0.00176997       0.00176997       0.00176997       0.00176997       0.00176997       0.00176997       0.00176997       0.00176997       0.00176997       0.00176997       0.00176997       0.00176997       0.00176997       0.00176997       0.00176997       0.00176997       0.00176997
       0.00176997       0.00176997       0.00176997       0.00176997       0.00176997       0.00176997       0.00176997       0.00176997       0.00176997       0.00176997       0.00176997       0.00176997       0.00176997       0.00176997       0.00176997       0.00176997       0.00176997       0.00176997       0.00176997       0.00176997
       0.00176997       0.00176997       0.00176997       0.00176997       0.00176997       0.00176997       0.00176997       0.00176997       0.00176997       0.00176997       0.00176997       0.00176997       0.00176997       0.00176997       0.00176997       0.00176997       0.00176997       0.00176997       0.00176997       0.00176997
       0.00176997       0.00176997       0.00176997       0.00176997       0.00176997       0.00176997       0.00176997       0.00176997       0.00176997       0.00176997       0.00176997       0.00176997       0.00176997       0.00176997       0.00176997       0.00176997       0.00176997       0.00176997       0.00176997       0.00176997
       0.00176997       0.00176997       0.00176997       0.00176997       0.00176997       0.00176997       0.00176997       0.00176997       0.00176997       0.00176997       0.00176997       0.00176997       0.00176997       0.00176997       0.00176997       0.00176997       0.00176997       0.00176997       0.00176997       0.00176997
       0.00176997       0.00176997       0.00176997       0.00176997       0.00176997       0.00176997       0.00176997       0.00176997       0.00176997       0.00176997       0.00176997       0.00176997       0.00176997       0.00176997       0.00176997       0.00176997       0.00176997       0.00176997       0.00176997       0.00176997
       0.00176997       0.00176997       0.00176997       0.00176997       0.00176997       0.00176997       0.00176997       0.00176997       0.00176997       0.00176997       0.00176997       0.00176997       0.00176997       0.00176997       0.00176997       0.00176997       0.00176997       0.00176997       0.00176997       0.00176997
       0.00176997       0.00176997       0.00176997       0.00176997       0.00176997       0.00176997       0.00176997       0.00176997       0.00176997       0.00176997       0.00176997       0.00176997       0.00176997       0.00176997       0.00176997       0.00176997       0.00176997       0.00176997       0.00176997       0.00176997
       0.00176997       0.00176997       0.00176997       0.00176997       0.00176997       0.00176997       0.00176997       0.00176997       0.00176997       0.00176997       0.00176997       0.00176997       0.00176997       0.00176997       0.00176997       0.00176997       0.00176997       0.00176997       0.00176997       0.00176997
       0.00176997       0.00176997       0.00176997       0.00176997       0.00176997       0.00176997       0.00176997       0.00176997       0.00176997       0.00176997       0.00176997       0.00176997       0.00176997       0.00176997       0.00176997       0.00176997       0.00176997       0.00176997       0.00176997       0.00176997
       0.00176997       0.00176997       0.00176997       0.00176997       0.00176997       0.00176997       0.00176997       0.00176997       0.00176997       0.00176997       0.00176997       0.00176997       0.00176997       0.00176997       0.00176997       0.00176997       0.00176997       0.00176997       0.00176997       0.00176997
       0.00176997       0.00176997       0.00176997       0.00176997       0.00176997       0.00176997       0.00176997       0.00176997       0.00176997       0.00176997       0.00176997       0.00176997       0.00176997       0.00176997       0.00176997       0.00176997       0.00176997       0.00176997       0.00176997       0.00176997
       0.00176997       0.00176997       0.00176997       0.00176997       0.00176997       0.00176997       0.00176997       0.00176997       0.00176997       0.00176997       0.00176997       0.00176997       0.00176997       0.00176997       0.00176997       0.00176997       0.00176997       0.00176997       0.00176997       0.00176997
       0.00176997       0.00176997       0.00176997       0.00176997       0.00176997       0.00176997       0.00176997       0.00176997       0.00176997       0.00176997       0.00176997       0.00176997       0.00176997       0.00176997       0.00176997       0.00176997       0.00176997       0.00176997       0.00176997       0.00176997
       0.00176997       0.00176997       0.00176997       0.00176997       0.00176997       0.00176997       0.00176997       0.00176997       0.00176997       0.00176997       0.00176997       0.00176997       0.00176997       0.00176997       0.00176997       0.00176997       0.00176997       0.00176997       0.00176997       0.00176997
       0.00176997       0.00176997       0.00176997       0.00176997       0.00176997       0.00176997       0.00176997       0.00176997       0.00176997       0.00176997       0.00176997       0.00176997       0.00176997       0.00176997       0.00176997       0.00176997       0.00176997       0.00176997       0.00176997       0.00176997
       0.00176997       0.00176997       0.00176997       0.00176997       0.00176997       0.00176997       0.00176997       0.00176997       0.00176997       0.00176997       0.00176997       0.00176997       0.00176997       0.00176997       0.00176997       0.00176997       0.00176997       0.00176997       0.00176997       0.00176997
       0.00176997       0.00176997       0.00176997       0.00176997       0.00176997       0.00176997       0.00176997       0.00176997       0.00176997       0.00176997       0.00176997       0.00176997       0.00176997       0.00176997       0.00176997       0.00176997       0.00176997       0.00176997       0.00176997       0.00176997
       0.00176997       0.00176997       0.00176997       0.00176997       0.00176997       0.00176997       0.00176997       0.00176997       0.00176997       0.00176997       0.00176997       0.00176997       0.00176997       0.00176997       0.00176997       0.00176997       0.00176997       0.00176997       0.00176997       0.00176997
       0.00176997       0.00176997       0.00176997       0.00176997       0.00176997       0.00176997       0.00176997       0.00176997       0.00176997       0.00176997       0.00176997       0.00176997       0.00176997       0.00176997       0.00176997       0.00176997       0.00176997       0.00176997       0.00176997       0.00176997
       0.00176997       0.00176997       0.00176997       0.00176997       0.00176997       0.00176997       0.00176997       0.00176997       0.00176997       0.00176997       0.00176997       0.00176997       0.00176997       0.00176997       0.00176997       0.00176997       0.00176997       0.00176997       0.00176997       0.00176997
       0.00176997       0.00176997       0.00176997       0.00176997       0.00176997       0.00176997       0.00176997       0.00176997       0.00176997       0.00176997       0.00176997       0.00176997       0.00176997       0.00176997       0.00176997       0.00176997       0.00176997       0.00176997       0.00176997       0.00176997
       0.00176997       0.00176997       0.00176997       0.00176997       0.00176997       0.00176997       0.00176997       0.00176997       0.00176997       0.00176997       0.00176997       0.00176997       0.00176997       0.00176997       0.00176997       0.00176997       0.00176997       0.00176997       0.00176997       0.00176997
       0.00176997       0.00176997       0.00176997       0.00176997       0.00176997       0.00176997       0.00176997       0.00176997       0.00176997       0.00176997       0.00176997       0.00176997       0.00176997       0.00176997       0.00176997       0.00176997       0.00176997       0.00176997       0.00176997       0.00176997
