  4.48184600E-04  4.48184600E-04  4.48184600E-04  4.48184600E-04  4.48184600E-04  4.48184600E-04  4.48184600E-04  4.48184600E-04  4.48184600E-04  4.48184600E-04  4.48184600E-04  4.48184600E-04  4.48184600E-04  4.48184600E-04  4.48184600E-04  4.48184600E-04  4.48184600E-04  4.48184600E-04  4.48184600E-04  4.48184600E-04
  4.48184600E-04  4.48184600E-04  4.48184600E-04  4.48184600E-04  4.48184600E-04  4.48184600E-04  4.48184600E-04  4.48184600E-04  4.48184600E-04  4.48184600E-04  4.48184600E-04  4.48184600E-04  4.48184600E-04  4.48184600E-04  4.48184600E-04  4.48184600E-04  4.48184600E-04  4.48184600E-04  4.48184600E-04  4.48184600E-04
  4.48184600E-04  4.48184600E-04  4.48184600E-04  4.48184600E-04  4.48184600E-04  4.48184600E-04  4.48184600E-04  4.48184600E-04  4.48184600E-04  4.48184600E-04  4.48184600E-04  4.48184600E-04  4.48184600E-04  4.48184600E-04  4.48184600E-04  4.48184600E-04  4.48184600E-04  4.48184600E-04  4.48184600E-04  4.48184600E-04
  4.48184600E-04  4.48184600E-04  4.48184600E-04  4.48184600E-04  4.48184600E-04  4.48184600E-04  4.48184600E-04  4.48184600E-04  4.48184600E-04  4.48184600E-04  4.48184600E-04  4.48184600E-04  4.48184600E-04  4.48184600E-04  4.48184600E-04  4.48184600E-04  4.48184600E-04  4.48184600E-04  4.48184600E-04  4.48184600E-04
  4.48184600E-04  4.48184600E-04  4.48184600E-04  4.48184600E-04  4.48184600E-04  4.48184600E-04  4.48184600E-04  4.48184600E-04  4.48184600E-04  4.48184600E-04  4.48184600E-04  4.48184600E-04  4.48184600E-04  4.48184600E-04  4.48184600E-04  4.48184600E-04  4.48184600E-04  4.48184600E-04  4.48184600E-04  4.48184600E-04
  4.48184600E-04  4.48184600E-04  4.48184600E-04  4.48184600E-04  4.48184600E-04  4.48184600E-04  4.48184600E-04  4.48184600E-04  4.48184600E-04  4.48184600E-04  4.48184600E-04  4.48184600E-04  4.48184600E-04  4.48184600E-04  4.48184600E-04  4.48184600E-04  4.48184600E-04  4.48184600E-04  4.48184600E-04  4.48184600E-04
  4.48184600E-04  4.48184600E-04  4.48184600E-04  4.48184600E-04  4.48184600E-04  4.48184600E-04  4.48184600E-04  4.48184600E-04  4.48184600E-04  4.48184600E-04  4.48184600E-04  4.48184600E-04  4.48184600E-04  4.48184600E-04  4.48184600E-04  4.48184600E-04  4.48184600E-04  4.48184600E-04  4.48184600E-04  4.48184600E-04
  4.48184600E-04  4.48184600E-04  4.48184600E-04  4.48184600E-04  4.48184600E-04  4.48184600E-04  4.48184600E-04  4.48184600E-04  4.48184600E-04  4.48184600E-04  4.48184600E-04  4.48184600E-04  4.48184600E-04  4.48184600E-04  4.48184600E-04  4.48184600E-04  4.48184600E-04  4.48184600E-04  4.48184600E-04  4.48184600E-04
  4.48184600E-04  4.48184600E-04  4.48184600E-04  4.48184600E-04  4.48184600E-04  4.48184600E-04  4.48184600E-04  4.48184600E-04  4.48184600E-04  4.48184600E-04  4.48184600E-04  4.48184600E-04  4.48184600E-04  4.48184600E-04  4.48184600E-04  4.48184600E-04  4.48184600E-04  4.48184600E-04  4.48184600E-04  4.48184600E-04
  4.48184600E-04  4.48184600E-04  4.48184600E-04  4.48184600E-04  4.48184600E-04  4.48184600E-04  4.48184600E-04  4.48184600E-04  4.48184600E-04  4.48184600E-04  4.48184600E-04  4.48184600E-04  4.48184600E-04  4.48184600E-04  4.48184600E-04  4.48184600E-04  4.48184600E-04  4.48184600E-04  4.48184600E-04  4.48184600E-04
  4.48184600E-04  4.48184600E-04  4.48184600E-04  4.48184600E-04  4.48184600E-04  4.48184600E-04  4.48184600E-04  4.48184600E-04  4.48184600E-04  4.48184600E-04  4.48184600E-04  4.48184600E-04  4.48184600E-04  4.48184600E-04  4.48184600E-04  4.48184600E-04  4.48184600E-04  4.48184600E-04  4.48184600E-04  4.48184600E-04
  4.48184600E-04  4.48184600E-04  4.48184600E-04  4.48184600E-04  4.48184600E-04  4.48184600E-04  4.48184600E-04  4.48184600E-04  4.48184600E-04  4.48184600E-04  4.48184600E-04  4.48184600E-04  4.48184600E-04  4.48184600E-04  4.48184600E-04  4.48184600E-04  4.48184600E-04  4.48184600E-04  4.48184600E-04  4.48184600E-04
  4.48184600E-04  4.48184600E-04  4.48184600E-04  4.48184600E-04  4.48184600E-04  4.48184600E-04  4.48184600E-04  4.48184600E-04  4.48184600E-04  4.48184600E-04  4.48184600E-04  4.48184600E-04  4.48184600E-04  4.48184600E-04  4.48184600E-04  4.48184600E-04  4.48184600E-04  4.48184600E-04  4.48184600E-04  4.48184600E-04
  4.48184600E-04  4.48184600E-04  4.48184600E-04  4.48184600E-04  4.48184600E-04  4.48184600E-04  4.48184600E-04  4.48184600E-04  4.48184600E-04  4.48184600E-04  4.48184600E-04  4.48184600E-04  4.48184600E-04  4.48184600E-04  4.48184600E-04  4.48184600E-04  4.48184600E-04  4.48184600E-04  4.48184600E-04  4.48184600E-04
  4.48184600E-04  4.48184600E-04  4.48184600E-04  4.48184600E-04  4.48184600E-04  4.48184600E-04  4.48184600E-04  4.48184600E-04  4.48184600E-04  4.48184600E-04  4.48184600E-04  4.48184600E-04  4.48184600E-04  4.48184600E-04  4.48184600E-04  4.48184600E-04  4.48184600E-04  4.48184600E-04  4.48184600E-04  4.48184600E-04
  4.48184600E-04  4.48184600E-04  4.48184600E-04  4.48184600E-04  4.48184600E-04  4.48184600E-04  4.48184600E-04  4.48184600E-04  4.48184600E-04  4.48184600E-04  4.48184600E-04  4.48184600E-04  4.48184600E-04  4.48184600E-04  4.48184600E-04  4.48184600E-04  4.48184600E-04  4.48184600E-04  4.48184600E-04  4.48184600E-04
  4.48184600E-04  4.48184600E-04  4.48184600E-04  4.48184600E-04  4.48184600E-04  4.48184600E-04  4.48184600E-04  4.48184600E-04  4.48184600E-04  4.48184600E-04  4.48184600E-04  4.48184600E-04  4.48184600E-04  4.48184600E-04  4.48184600E-04  4.48184600E-04  4.48184600E-04  4.48184600E-04  4.48184600E-04  4.48184600E-04
  4.48184600E-04  4.48184600E-04  4.48184600E-04  4.48184600E-04  4.48184600E-04  4.48184600E-04  4.48184600E-04  4.48184600E-04  4.48184600E-04  4.48184600E-04  4.48184600E-04  4.48184600E-04  4.48184600E-04  4.48184600E-04  4.48184600E-04  4.48184600E-04  4.48184600E-04  4.48184600E-04  4.48184600E-04  4.48184600E-04
  4.48184600E-04  4.48184600E-04  4.48184600E-04  4.48184600E-04  4.48184600E-04  4.48184600E-04  4.48184600E-04  4.48184600E-04  4.48184600E-04  4.48184600E-04  4.48184600E-04  4.48184600E-04  4.48184600E-04  4.48184600E-04  4.48184600E-04  4.48184600E-04  4.48184600E-04  4.48184600E-04  4.48184600E-04  4.48184600E-04
  4.48184600E-04  4.48184600E-04  4.48184600E-04  4.48184600E-04  4.48184600E-04  4.48184600E-04  4.48184600E-04  4.48184600E-04  4.48184600E-04  4.48184600E-04  4.48184600E-04  4.48184600E-04  4.48184600E-04  4.48184600E-04  4.48184600E-04  4.48184600E-04  4.48184600E-04  4.48184600E-04  4.48184600E-04  4.48184600E-04
  4.48184600E-04  4.48184600E-04  4.48184600E-04  4.48184600E-04  4.48184600E-04  4.48184600E-04  4.48184600E-04  4.48184600E-04  4.48184600E-04  4.48184600E-04  4.48184600E-04  4.48184600E-04  4.48184600E-04  4.48184600E-04  4.48184600E-04  4.48184600E-04  4.48184600E-04  4.48184600E-04  4.48184600E-04  4.48184600E-04
  4.48184600E-04  4.48184600E-04  4.48184600E-04  4.48184600E-04  4.48184600E-04  4.48184600E-04  4.48184600E-04  4.48184600E-04  4.48184600E-04  4.48184600E-04  4.48184600E-04  4.48184600E-04  4.48184600E-04  4.48184600E-04  4.48184600E-04  4.48184600E-04  4.48184600E-04  4.48184600E-04  4.48184600E-04  4.48184600E-04
  4.48184600E-04  4.48184600E-04  4.48184600E-04  4.48184600E-04  4.48184600E-04  4.48184600E-04  4.48184600E-04  4.48184600E-04  4.48184600E-04  4.48184600E-04  4.48184600E-04  4.48184600E-04  4.48184600E-04  4.48184600E-04  4.48184600E-04  4.48184600E-04  4.48184600E-04  4.48184600E-04  4.48184600E-04  4.48184600E-04
  4.48184600E-04  4.48184600E-04  4.48184600E-04  4.48184600E-04  4.48184600E-04  4.48184600E-04  4.48184600E-04  4.48184600E-04  4.48184600E-04  4.48184600E-04  4.48184600E-04  4.48184600E-04  4.48184600E-04  4.48184600E-04  4.48184600E-04  4.48184600E-04  4.48184600E-04  4.48184600E-04  4.48184600E-04  4.48184600E-04
  4.48184600E-04  4.48184600E-04  4.48184600E-04  4.48184600E-04  4.48184600E-04  4.48184600E-04  4.48184600E-04  4.48184600E-04  4.48184600E-04  4.48184600E-04  4.48184600E-04  4.48184600E-04  4.48184600E-04  4.48184600E-04  4.48184600E-04  4.48184600E-04  4.48184600E-04  4.48184600E-04  4.48184600E-04  4.48184600E-04
  4.48184600E-04  4.48184600E-04  4.48184600E-04  4.48184600E-04  4.48184600E-04  4.48184600E-04  4.48184600E-04  4.48184600E-04  4.48184600E-04  4.48184600E-04  4.48184600E-04  4.48184600E-04  4.48184600E-04  4.48184600E-04  4.48184600E-04  4.48184600E-04  4.48184600E-04  4.48184600E-04  4.48184600E-04  4.48184600E-04
  4.48184600E-04  4.48184600E-04  4.48184600E-04  4.48184600E-04  4.48184600E-04  4.48184600E-04  4.48184600E-04  4.48184600E-04  4.48184600E-04  4.48184600E-04  4.48184600E-04  4.48184600E-04  4.48184600E-04  4.48184600E-04  4.48184600E-04  4.48184600E-04  4.48184600E-04  4.48184600E-04  4.48184600E-04  4.48184600E-04
  4.48184600E-04  4.48184600E-04  4.48184600E-04  4.48184600E-04  4.48184600E-04  4.48184600E-04  4.48184600E-04  4.48184600E-04  4.48184600E-04  4.48184600E-04  4.48184600E-04  4.48184600E-04  4.48184600E-04  4.48184600E-04  4.48184600E-04  4.48184600E-04  4.48184600E-04  4.48184600E-04  4.48184600E-04  4.48184600E-04
  4.48184600E-04  4.48184600E-04  4.48184600E-04  4.48184600E-04  4.48184600E-04  4.48184600E-04  4.48184600E-04  4.48184600E-04  4.48184600E-04  4.48184600E-04  4.48184600E-04  4.48184600E-04  4.48184600E-04  4.48184600E-04  4.48184600E-04  4.48184600E-04  4.48184600E-04  4.48184600E-04  4.48184600E-04  4.48184600E-04
  4.48184600E-04  4.48184600E-04  4.48184600E-04  4.48184600E-04  4.48184600E-04  4.48184600E-04  4.48184600E-04  4.48184600E-04  4.48184600E-04  4.48184600E-04  4.48184600E-04  4.48184600E-04  4.48184600E-04  4.48184600E-04  4.48184600E-04  4.48184600E-04  4.48184600E-04  4.48184600E-04  4.48184600E-04  4.48184600E-04
  4.48184600E-04  4.48184600E-04  4.48184600E-04  4.48184600E-04  4.48184600E-04  4.48184600E-04  4.48184600E-04  4.48184600E-04  4.48184600E-04  4.48184600E-04  4.48184600E-04  4.48184600E-04  4.48184600E-04  4.48184600E-04  4.48184600E-04  4.48184600E-04  4.48184600E-04  4.48184600E-04  4.48184600E-04  4.48184600E-04
  4.48184600E-04  4.48184600E-04  4.48184600E-04  4.48184600E-04  4.48184600E-04  4.48184600E-04  4.48184600E-04  4.48184600E-04  4.48184600E-04  4.48184600E-04  4.48184600E-04  4.48184600E-04  4.48184600E-04  4.48184600E-04  4.48184600E-04  4.48184600E-04  4.48184600E-04  4.48184600E-04  4.48184600E-04  4.48184600E-04
  4.48184600E-04  4.48184600E-04  4.48184600E-04  4.48184600E-04  4.48184600E-04  4.48184600E-04  4.48184600E-04  4.48184600E-04  4.48184600E-04  4.48184600E-04  4.48184600E-04  4.48184600E-04  4.48184600E-04  4.48184600E-04  4.48184600E-04  4.48184600E-04  4.48184600E-04  4.48184600E-04  4.48184600E-04  4.48184600E-04
  4.48184600E-04  4.48184600E-04  4.48184600E-04  4.48184600E-04  4.48184600E-04  4.48184600E-04  4.48184600E-04  4.48184600E-04  4.48184600E-04  4.48184600E-04  4.48184600E-04  4.48184600E-04  4.48184600E-04  4.48184600E-04  4.48184600E-04  4.48184600E-04  4.48184600E-04  4.48184600E-04  4.48184600E-04  4.48184600E-04
  4.48184600E-04  4.48184600E-04  4.48184600E-04  4.48184600E-04  4.48184600E-04  4.48184600E-04  4.48184600E-04  4.48184600E-04  4.48184600E-04  4.48184600E-04  4.48184600E-04  4.48184600E-04  4.48184600E-04  4.48184600E-04  4.48184600E-04  4.48184600E-04  4.48184600E-04  4.48184600E-04  4.48184600E-04  4.48184600E-04
  4.48184600E-04  4.48184600E-04  4.48184600E-04  4.48184600E-04  4.48184600E-04  4.48184600E-04  4.48184600E-04  4.48184600E-04  4.48184600E-04  4.48184600E-04  4.48184600E-04  4.48184600E-04  4.48184600E-04  4.48184600E-04  4.48184600E-04  4.48184600E-04  4.48184600E-04  4.48184600E-04  4.48184600E-04  4.48184600E-04
  4.48184600E-04  4.48184600E-04  4.48184600E-04  4.48184600E-04  4.48184600E-04  4.48184600E-04  4.48184600E-04  4.48184600E-04  4.48184600E-04  4.48184600E-04  4.48184600E-04  4.48184600E-04  4.48184600E-04  4.48184600E-04  4.48184600E-04  4.48184600E-04  4.48184600E-04  4.48184600E-04  4.48184600E-04  4.48184600E-04
  4.48184600E-04  4.48184600E-04  4.48184600E-04  4.48184600E-04  4.48184600E-04  4.48184600E-04  4.48184600E-04  4.48184600E-04  4.48184600E-04  4.48184600E-04  4.48184600E-04  4.48184600E-04  4.48184600E-04  4.48184600E-04  4.48184600E-04  4.48184600E-04  4.48184600E-04  4.48184600E-04  4.48184600E-04  4.48184600E-04
  4.48184600E-04  4.48184600E-04  4.48184600E-04  4.48184600E-04  4.48184600E-04  4.48184600E-04  4.48184600E-04  4.48184600E-04  4.48184600E-04  4.48184600E-04  4.48184600E-04  4.48184600E-04  4.48184600E-04  4.48184600E-04  4.48184600E-04  4.48184600E-04  4.48184600E-04  4.48184600E-04  4.48184600E-04  4.48184600E-04
  4.48184600E-04  4.48184600E-04  4.48184600E-04  4.48184600E-04  4.48184600E-04  4.48184600E-04  4.48184600E-04  4.48184600E-04  4.48184600E-04  4.48184600E-04  4.48184600E-04  4.48184600E-04  4.48184600E-04  4.48184600E-04  4.48184600E-04  4.48184600E-04  4.48184600E-04  4.48184600E-04  4.48184600E-04  4.48184600E-04
