       0.00283095       0.00283095       0.00283095       0.00283095       0.00283095       0.00283095       0.00283095       0.00283095       0.00283095       0.00283095       0.00283095       0.00283095       0.00283095       0.00283095       0.00283095       0.00283095       0.00283095       0.00283095       0.00283095       0.00283095
       0.00283095       0.00283095       0.00283095       0.00283095       0.00283095       0.00283095       0.00283095       0.00283095       0.00283095       0.00283095       0.00283095       0.00283095       0.00283095       0.00283095       0.00283095       0.00283095       0.00283095       0.00283095       0.00283095       0.00283095
       0.00283095       0.00283095       0.00283095       0.00283095       0.00283095       0.00283095       0.00283095       0.00283095       0.00283095       0.00283095       0.00283095       0.00283095       0.00283095       0.00283095       0.00283095       0.00283095       0.00283095       0.00283095       0.00283095       0.00283095
       0.00283095       0.00283095       0.00283095       0.00283095       0.00283095       0.00283095       0.00283095       0.00283095       0.00283095       0.00283095       0.00283095       0.00283095       0.00283095       0.00283095       0.00283095       0.00283095       0.00283095       0.00283095       0.00283095       0.00283095
       0.00283095       0.00283095       0.00283095       0.00283095       0.00283095       0.00283095       0.00283095       0.00283095       0.00283095       0.00283095       0.00283095       0.00283095       0.00283095       0.00283095       0.00283095       0.00283095       0.00283095       0.00283095       0.00283095       0.00283095
       0.00283095       0.00283095       0.00283095       0.00283095       0.00283095       0.00283095       0.00283095       0.00283095       0.00283095       0.00283095       0.00283095       0.00283095       0.00283095       0.00283095       0.00283095       0.00283095       0.00283095       0.00283095       0.00283095       0.00283095
       0.00283095       0.00283095       0.00283095       0.00283095       0.00283095       0.00283095       0.00283095       0.00283095       0.00283095       0.00283095       0.00283095       0.00283095       0.00283095       0.00283095       0.00283095       0.00283095       0.00283095       0.00283095       0.00283095       0.00283095
       0.00283095       0.00283095       0.00283095       0.00283095       0.00283095       0.00283095       0.00283095       0.00283095       0.00283095       0.00283095       0.00283095       0.00283095       0.00283095       0.00283095       0.00283095       0.00283095       0.00283095       0.00283095       0.00283095       0.00283095
       0.00283095       0.00283095       0.00283095       0.00283095       0.00283095       0.00283095       0.00283095       0.00283095       0.00283095       0.00283095       0.00283095       0.00283095       0.00283095       0.00283095       0.00283095       0.00283095       0.00283095       0.00283095       0.00283095       0.00283095
       0.00283095       0.00283095       0.00283095       0.00283095       0.00283095       0.00283095       0.00283095       0.00283095       0.00283095       0.00283095       0.00283095       0.00283095       0.00283095       0.00283095       0.00283095       0.00283095       0.00283095       0.00283095       0.00283095       0.00283095
       0.00283095       0.00283095       0.00283095       0.00283095       0.00283095       0.00283095       0.00283095       0.00283095       0.00283095       0.00283095       0.00283095       0.00283095       0.00283095       0.00283095       0.00283095       0.00283095       0.00283095       0.00283095       0.00283095       0.00283095
       0.00283095       0.00283095       0.00283095       0.00283095       0.00283095       0.00283095       0.00283095       0.00283095       0.00283095       0.00283095       0.00283095       0.00283095       0.00283095       0.00283095       0.00283095       0.00283095       0.00283095       0.00283095       0.00283095       0.00283095
       0.00283095       0.00283095       0.00283095       0.00283095       0.00283095       0.00283095       0.00283095       0.00283095       0.00283095       0.00283095       0.00283095       0.00283095       0.00283095       0.00283095       0.00283095       0.00283095       0.00283095       0.00283095       0.00283095       0.00283095
       0.00283095       0.00283095       0.00283095       0.00283095       0.00283095       0.00283095       0.00283095       0.00283095       0.00283095       0.00283095       0.00283095       0.00283095       0.00283095       0.00283095       0.00283095       0.00283095       0.00283095       0.00283095       0.00283095       0.00283095
       0.00283095       0.00283095       0.00283095       0.00283095       0.00283095       0.00283095       0.00283095       0.00283095       0.00283095       0.00283095       0.00283095       0.00283095       0.00283095       0.00283095       0.00283095       0.00283095       0.00283095       0.00283095       0.00283095       0.00283095
       0.00283095       0.00283095       0.00283095       0.00283095       0.00283095       0.00283095       0.00283095       0.00283095       0.00283095       0.00283095       0.00283095       0.00283095       0.00283095       0.00283095       0.00283095       0.00283095       0.00283095       0.00283095       0.00283095       0.00283095
       0.00283095       0.00283095       0.00283095       0.00283095       0.00283095       0.00283095       0.00283095       0.00283095       0.00283095       0.00283095       0.00283095       0.00283095       0.00283095       0.00283095       0.00283095       0.00283095       0.00283095       0.00283095       0.00283095       0.00283095
       0.00283095       0.00283095       0.00283095       0.00283095       0.00283095       0.00283095       0.00283095       0.00283095       0.00283095       0.00283095       0.00283095       0.00283095       0.00283095       0.00283095       0.00283095       0.00283095       0.00283095       0.00283095       0.00283095       0.00283095
       0.00283095       0.00283095       0.00283095       0.00283095       0.00283095       0.00283095       0.00283095       0.00283095       0.00283095       0.00283095       0.00283095       0.00283095       0.00283095       0.00283095       0.00283095       0.00283095       0.00283095       0.00283095       0.00283095       0.00283095
       0.00283095       0.00283095       0.00283095       0.00283095       0.00283095       0.00283095       0.00283095       0.00283095       0.00283095       0.00283095       0.00283095       0.00283095       0.00283095       0.00283095       0.00283095       0.00283095       0.00283095       0.00283095       0.00283095       0.00283095
       0.00283095       0.00283095       0.00283095       0.00283095       0.00283095       0.00283095       0.00283095       0.00283095       0.00283095       0.00283095       0.00283095       0.00283095       0.00283095       0.00283095       0.00283095       0.00283095       0.00283095       0.00283095       0.00283095       0.00283095
       0.00283095       0.00283095       0.00283095       0.00283095       0.00283095       0.00283095       0.00283095       0.00283095       0.00283095       0.00283095       0.00283095       0.00283095       0.00283095       0.00283095       0.00283095       0.00283095       0.00283095       0.00283095       0.00283095       0.00283095
       0.00283095       0.00283095       0.00283095       0.00283095       0.00283095       0.00283095       0.00283095       0.00283095       0.00283095       0.00283095       0.00283095       0.00283095       0.00283095       0.00283095       0.00283095       0.00283095       0.00283095       0.00283095       0.00283095       0.00283095
       0.00283095       0.00283095       0.00283095       0.00283095       0.00283095       0.00283095       0.00283095       0.00283095       0.00283095       0.00283095       0.00283095       0.00283095       0.00283095       0.00283095       0.00283095       0.00283095       0.00283095       0.00283095       0.00283095       0.00283095
       0.00283095       0.00283095       0.00283095       0.00283095       0.00283095       0.00283095       0.00283095       0.00283095       0.00283095       0.00283095       0.00283095       0.00283095       0.00283095       0.00283095       0.00283095       0.00283095       0.00283095       0.00283095       0.00283095       0.00283095
       0.00283095       0.00283095       0.00283095       0.00283095       0.00283095       0.00283095       0.00283095       0.00283095       0.00283095       0.00283095       0.00283095       0.00283095       0.00283095       0.00283095       0.00283095       0.00283095       0.00283095       0.00283095       0.00283095       0.00283095
       0.00283095       0.00283095       0.00283095       0.00283095       0.00283095       0.00283095       0.00283095       0.00283095       0.00283095       0.00283095       0.00283095       0.00283095       0.00283095       0.00283095       0.00283095       0.00283095       0.00283095       0.00283095       0.00283095       0.00283095
       0.00283095       0.00283095       0.00283095       0.00283095       0.00283095       0.00283095       0.00283095       0.00283095       0.00283095       0.00283095       0.00283095       0.00283095       0.00283095       0.00283095       0.00283095       0.00283095       0.00283095       0.00283095       0.00283095       0.00283095
       0.00283095       0.00283095       0.00283095       0.00283095       0.00283095       0.00283095       0.00283095       0.00283095       0.00283095       0.00283095       0.00283095       0.00283095       0.00283095       0.00283095       0.00283095       0.00283095       0.00283095       0.00283095       0.00283095       0.00283095
       0.00283095       0.00283095       0.00283095       0.00283095       0.00283095       0.00283095       0.00283095       0.00283095       0.00283095       0.00283095       0.00283095       0.00283095       0.00283095       0.00283095       0.00283095       0.00283095       0.00283095       0.00283095       0.00283095       0.00283095
       0.00283095       0.00283095       0.00283095       0.00283095       0.00283095       0.00283095       0.00283095       0.00283095       0.00283095       0.00283095       0.00283095       0.00283095       0.00283095       0.00283095       0.00283095       0.00283095       0.00283095       0.00283095       0.00283095       0.00283095
       0.00283095       0.00283095       0.00283095       0.00283095       0.00283095       0.00283095       0.00283095       0.00283095       0.00283095       0.00283095       0.00283095       0.00283095       0.00283095       0.00283095       0.00283095       0.00283095       0.00283095       0.00283095       0.00283095       0.00283095
       0.00283095       0.00283095       0.00283095       0.00283095       0.00283095       0.00283095       0.00283095       0.00283095       0.00283095       0.00283095       0.00283095       0.00283095       0.00283095       0.00283095       0.00283095       0.00283095       0.00283095       0.00283095       0.00283095       0.00283095
       0.00283095       0.00283095       0.00283095       0.00283095       0.00283095       0.00283095       0.00283095       0.00283095       0.00283095       0.00283095       0.00283095       0.00283095       0.00283095       0.00283095       0.00283095       0.00283095       0.00283095       0.00283095       0.00283095       0.00283095
       0.00283095       0.00283095       0.00283095       0.00283095       0.00283095       0.00283095       0.00283095       0.00283095       0.00283095       0.00283095       0.00283095       0.00283095       0.00283095       0.00283095       0.00283095       0.00283095       0.00283095       0.00283095       0.00283095       0.00283095
       0.00283095       0.00283095       0.00283095       0.00283095       0.00283095       0.00283095       0.00283095       0.00283095       0.00283095       0.00283095       0.00283095       0.00283095       0.00283095       0.00283095       0.00283095       0.00283095       0.00283095       0.00283095       0.00283095       0.00283095
       0.00283095       0.00283095       0.00283095       0.00283095       0.00283095       0.00283095       0.00283095       0.00283095       0.00283095       0.00283095       0.00283095       0.00283095       0.00283095       0.00283095       0.00283095       0.00283095       0.00283095       0.00283095       0.00283095       0.00283095
       0.00283095       0.00283095       0.00283095       0.00283095       0.00283095       0.00283095       0.00283095       0.00283095       0.00283095       0.00283095       0.00283095       0.00283095       0.00283095       0.00283095       0.00283095       0.00283095       0.00283095       0.00283095       0.00283095       0.00283095
       0.00283095       0.00283095       0.00283095       0.00283095       0.00283095       0.00283095       0.00283095       0.00283095       0.00283095       0.00283095       0.00283095       0.00283095       0.00283095       0.00283095       0.00283095       0.00283095       0.00283095       0.00283095       0.00283095       0.00283095
       0.00283095       0.00283095       0.00283095       0.00283095       0.00283095       0.00283095       0.00283095       0.00283095       0.00283095       0.00283095       0.00283095       0.00283095       0.00283095       0.00283095       0.00283095       0.00283095       0.00283095       0.00283095       0.00283095       0.00283095
