       0.00136796       0.00136796       0.00136796       0.00136796       0.00136796       0.00136796       0.00136796       0.00136796       0.00136796       0.00136796       0.00136796       0.00136796       0.00136796       0.00136796       0.00136796       0.00136796       0.00136796       0.00136796       0.00136796       0.00136796
       0.00136796       0.00136796       0.00136796       0.00136796       0.00136796       0.00136796       0.00136796       0.00136796       0.00136796       0.00136796       0.00136796       0.00136796       0.00136796       0.00136796       0.00136796       0.00136796       0.00136796       0.00136796       0.00136796       0.00136796
       0.00136796       0.00136796       0.00136796       0.00136796       0.00136796       0.00136796       0.00136796       0.00136796       0.00136796       0.00136796       0.00136796       0.00136796       0.00136796       0.00136796       0.00136796       0.00136796       0.00136796       0.00136796       0.00136796       0.00136796
       0.00136796       0.00136796       0.00136796       0.00136796       0.00136796       0.00136796       0.00136796       0.00136796       0.00136796       0.00136796       0.00136796       0.00136796       0.00136796       0.00136796       0.00136796       0.00136796       0.00136796       0.00136796       0.00136796       0.00136796
       0.00136796       0.00136796       0.00136796       0.00136796       0.00136796       0.00136796       0.00136796       0.00136796       0.00136796       0.00136796       0.00136796       0.00136796       0.00136796       0.00136796       0.00136796       0.00136796       0.00136796       0.00136796       0.00136796       0.00136796
       0.00136796       0.00136796       0.00136796       0.00136796       0.00136796       0.00136796       0.00136796       0.00136796       0.00136796       0.00136796       0.00136796       0.00136796       0.00136796       0.00136796       0.00136796       0.00136796       0.00136796       0.00136796       0.00136796       0.00136796
       0.00136796       0.00136796       0.00136796       0.00136796       0.00136796       0.00136796       0.00136796       0.00136796       0.00136796       0.00136796       0.00136796       0.00136796       0.00136796       0.00136796       0.00136796       0.00136796       0.00136796       0.00136796       0.00136796       0.00136796
       0.00136796       0.00136796       0.00136796       0.00136796       0.00136796       0.00136796       0.00136796       0.00136796       0.00136796       0.00136796       0.00136796       0.00136796       0.00136796       0.00136796       0.00136796       0.00136796       0.00136796       0.00136796       0.00136796       0.00136796
       0.00136796       0.00136796       0.00136796       0.00136796       0.00136796       0.00136796       0.00136796       0.00136796       0.00136796       0.00136796       0.00136796       0.00136796       0.00136796       0.00136796       0.00136796       0.00136796       0.00136796       0.00136796       0.00136796       0.00136796
       0.00136796       0.00136796       0.00136796       0.00136796       0.00136796       0.00136796       0.00136796       0.00136796       0.00136796       0.00136796       0.00136796       0.00136796       0.00136796       0.00136796       0.00136796       0.00136796       0.00136796       0.00136796       0.00136796       0.00136796
       0.00136796       0.00136796       0.00136796       0.00136796       0.00136796       0.00136796       0.00136796       0.00136796       0.00136796       0.00136796       0.00136796       0.00136796       0.00136796       0.00136796       0.00136796       0.00136796       0.00136796       0.00136796       0.00136796       0.00136796
       0.00136796       0.00136796       0.00136796       0.00136796       0.00136796       0.00136796       0.00136796       0.00136796       0.00136796       0.00136796       0.00136796       0.00136796       0.00136796       0.00136796       0.00136796       0.00136796       0.00136796       0.00136796       0.00136796       0.00136796
       0.00136796       0.00136796       0.00136796       0.00136796       0.00136796       0.00136796       0.00136796       0.00136796       0.00136796       0.00136796       0.00136796       0.00136796       0.00136796       0.00136796       0.00136796       0.00136796       0.00136796       0.00136796       0.00136796       0.00136796
       0.00136796       0.00136796       0.00136796       0.00136796       0.00136796       0.00136796       0.00136796       0.00136796       0.00136796       0.00136796       0.00136796       0.00136796       0.00136796       0.00136796       0.00136796       0.00136796       0.00136796       0.00136796       0.00136796       0.00136796
       0.00136796       0.00136796       0.00136796       0.00136796       0.00136796       0.00136796       0.00136796       0.00136796       0.00136796       0.00136796       0.00136796       0.00136796       0.00136796       0.00136796       0.00136796       0.00136796       0.00136796       0.00136796       0.00136796       0.00136796
       0.00136796       0.00136796       0.00136796       0.00136796       0.00136796       0.00136796       0.00136796       0.00136796       0.00136796       0.00136796       0.00136796       0.00136796       0.00136796       0.00136796       0.00136796       0.00136796       0.00136796       0.00136796       0.00136796       0.00136796
       0.00136796       0.00136796       0.00136796       0.00136796       0.00136796       0.00136796       0.00136796       0.00136796       0.00136796       0.00136796       0.00136796       0.00136796       0.00136796       0.00136796       0.00136796       0.00136796       0.00136796       0.00136796       0.00136796       0.00136796
       0.00136796       0.00136796       0.00136796       0.00136796       0.00136796       0.00136796       0.00136796       0.00136796       0.00136796       0.00136796       0.00136796       0.00136796       0.00136796       0.00136796       0.00136796       0.00136796       0.00136796       0.00136796       0.00136796       0.00136796
       0.00136796       0.00136796       0.00136796       0.00136796       0.00136796       0.00136796       0.00136796       0.00136796       0.00136796       0.00136796       0.00136796       0.00136796       0.00136796       0.00136796       0.00136796       0.00136796       0.00136796       0.00136796       0.00136796       0.00136796
       0.00136796       0.00136796       0.00136796       0.00136796       0.00136796       0.00136796       0.00136796       0.00136796       0.00136796       0.00136796       0.00136796       0.00136796       0.00136796       0.00136796       0.00136796       0.00136796       0.00136796       0.00136796       0.00136796       0.00136796
       0.00136796       0.00136796       0.00136796       0.00136796       0.00136796       0.00136796       0.00136796       0.00136796       0.00136796       0.00136796       0.00136796       0.00136796       0.00136796       0.00136796       0.00136796       0.00136796       0.00136796       0.00136796       0.00136796       0.00136796
       0.00136796       0.00136796       0.00136796       0.00136796       0.00136796       0.00136796       0.00136796       0.00136796       0.00136796       0.00136796       0.00136796       0.00136796       0.00136796       0.00136796       0.00136796       0.00136796       0.00136796       0.00136796       0.00136796       0.00136796
       0.00136796       0.00136796       0.00136796       0.00136796       0.00136796       0.00136796       0.00136796       0.00136796       0.00136796       0.00136796       0.00136796       0.00136796       0.00136796       0.00136796       0.00136796       0.00136796       0.00136796       0.00136796       0.00136796       0.00136796
       0.00136796       0.00136796       0.00136796       0.00136796       0.00136796       0.00136796       0.00136796       0.00136796       0.00136796       0.00136796       0.00136796       0.00136796       0.00136796       0.00136796       0.00136796       0.00136796       0.00136796       0.00136796       0.00136796       0.00136796
       0.00136796       0.00136796       0.00136796       0.00136796       0.00136796       0.00136796       0.00136796       0.00136796       0.00136796       0.00136796       0.00136796       0.00136796       0.00136796       0.00136796       0.00136796       0.00136796       0.00136796       0.00136796       0.00136796       0.00136796
       0.00136796       0.00136796       0.00136796       0.00136796       0.00136796       0.00136796       0.00136796       0.00136796       0.00136796       0.00136796       0.00136796       0.00136796       0.00136796       0.00136796       0.00136796       0.00136796       0.00136796       0.00136796       0.00136796       0.00136796
       0.00136796       0.00136796       0.00136796       0.00136796       0.00136796       0.00136796       0.00136796       0.00136796       0.00136796       0.00136796       0.00136796       0.00136796       0.00136796       0.00136796       0.00136796       0.00136796       0.00136796       0.00136796       0.00136796       0.00136796
       0.00136796       0.00136796       0.00136796       0.00136796       0.00136796       0.00136796       0.00136796       0.00136796       0.00136796       0.00136796       0.00136796       0.00136796       0.00136796       0.00136796       0.00136796       0.00136796       0.00136796       0.00136796       0.00136796       0.00136796
       0.00136796       0.00136796       0.00136796       0.00136796       0.00136796       0.00136796       0.00136796       0.00136796       0.00136796       0.00136796       0.00136796       0.00136796       0.00136796       0.00136796       0.00136796       0.00136796       0.00136796       0.00136796       0.00136796       0.00136796
       0.00136796       0.00136796       0.00136796       0.00136796       0.00136796       0.00136796       0.00136796       0.00136796       0.00136796       0.00136796       0.00136796       0.00136796       0.00136796       0.00136796       0.00136796       0.00136796       0.00136796       0.00136796       0.00136796       0.00136796
       0.00136796       0.00136796       0.00136796       0.00136796       0.00136796       0.00136796       0.00136796       0.00136796       0.00136796       0.00136796       0.00136796       0.00136796       0.00136796       0.00136796       0.00136796       0.00136796       0.00136796       0.00136796       0.00136796       0.00136796
       0.00136796       0.00136796       0.00136796       0.00136796       0.00136796       0.00136796       0.00136796       0.00136796       0.00136796       0.00136796       0.00136796       0.00136796       0.00136796       0.00136796       0.00136796       0.00136796       0.00136796       0.00136796       0.00136796       0.00136796
       0.00136796       0.00136796       0.00136796       0.00136796       0.00136796       0.00136796       0.00136796       0.00136796       0.00136796       0.00136796       0.00136796       0.00136796       0.00136796       0.00136796       0.00136796       0.00136796       0.00136796       0.00136796       0.00136796       0.00136796
       0.00136796       0.00136796       0.00136796       0.00136796       0.00136796       0.00136796       0.00136796       0.00136796       0.00136796       0.00136796       0.00136796       0.00136796       0.00136796       0.00136796       0.00136796       0.00136796       0.00136796       0.00136796       0.00136796       0.00136796
       0.00136796       0.00136796       0.00136796       0.00136796       0.00136796       0.00136796       0.00136796       0.00136796       0.00136796       0.00136796       0.00136796       0.00136796       0.00136796       0.00136796       0.00136796       0.00136796       0.00136796       0.00136796       0.00136796       0.00136796
       0.00136796       0.00136796       0.00136796       0.00136796       0.00136796       0.00136796       0.00136796       0.00136796       0.00136796       0.00136796       0.00136796       0.00136796       0.00136796       0.00136796       0.00136796       0.00136796       0.00136796       0.00136796       0.00136796       0.00136796
       0.00136796       0.00136796       0.00136796       0.00136796       0.00136796       0.00136796       0.00136796       0.00136796       0.00136796       0.00136796       0.00136796       0.00136796       0.00136796       0.00136796       0.00136796       0.00136796       0.00136796       0.00136796       0.00136796       0.00136796
       0.00136796       0.00136796       0.00136796       0.00136796       0.00136796       0.00136796       0.00136796       0.00136796       0.00136796       0.00136796       0.00136796       0.00136796       0.00136796       0.00136796       0.00136796       0.00136796       0.00136796       0.00136796       0.00136796       0.00136796
       0.00136796       0.00136796       0.00136796       0.00136796       0.00136796       0.00136796       0.00136796       0.00136796       0.00136796       0.00136796       0.00136796       0.00136796       0.00136796       0.00136796       0.00136796       0.00136796       0.00136796       0.00136796       0.00136796       0.00136796
       0.00136796       0.00136796       0.00136796       0.00136796       0.00136796       0.00136796       0.00136796       0.00136796       0.00136796       0.00136796       0.00136796       0.00136796       0.00136796       0.00136796       0.00136796       0.00136796       0.00136796       0.00136796       0.00136796       0.00136796
