       0.00241018       0.00241018       0.00241018       0.00241018       0.00241018       0.00241018       0.00241018       0.00241018       0.00241018       0.00241018       0.00241018       0.00241018       0.00241018       0.00241018       0.00241018       0.00241018       0.00241018       0.00241018       0.00241018       0.00241018
       0.00241018       0.00241018       0.00241018       0.00241018       0.00241018       0.00241018       0.00241018       0.00241018       0.00241018       0.00241018       0.00241018       0.00241018       0.00241018       0.00241018       0.00241018       0.00241018       0.00241018       0.00241018       0.00241018       0.00241018
       0.00241018       0.00241018       0.00241018       0.00241018       0.00241018       0.00241018       0.00241018       0.00241018       0.00241018       0.00241018       0.00241018       0.00241018       0.00241018       0.00241018       0.00241018       0.00241018       0.00241018       0.00241018       0.00241018       0.00241018
       0.00241018       0.00241018       0.00241018       0.00241018       0.00241018       0.00241018       0.00241018       0.00241018       0.00241018       0.00241018       0.00241018       0.00241018       0.00241018       0.00241018       0.00241018       0.00241018       0.00241018       0.00241018       0.00241018       0.00241018
       0.00241018       0.00241018       0.00241018       0.00241018       0.00241018       0.00241018       0.00241018       0.00241018       0.00241018       0.00241018       0.00241018       0.00241018       0.00241018       0.00241018       0.00241018       0.00241018       0.00241018       0.00241018       0.00241018       0.00241018
       0.00241018       0.00241018       0.00241018       0.00241018       0.00241018       0.00241018       0.00241018       0.00241018       0.00241018       0.00241018       0.00241018       0.00241018       0.00241018       0.00241018       0.00241018       0.00241018       0.00241018       0.00241018       0.00241018       0.00241018
       0.00241018       0.00241018       0.00241018       0.00241018       0.00241018       0.00241018       0.00241018       0.00241018       0.00241018       0.00241018       0.00241018       0.00241018       0.00241018       0.00241018       0.00241018       0.00241018       0.00241018       0.00241018       0.00241018       0.00241018
       0.00241018       0.00241018       0.00241018       0.00241018       0.00241018       0.00241018       0.00241018       0.00241018       0.00241018       0.00241018       0.00241018       0.00241018       0.00241018       0.00241018       0.00241018       0.00241018       0.00241018       0.00241018       0.00241018       0.00241018
       0.00241018       0.00241018       0.00241018       0.00241018       0.00241018       0.00241018       0.00241018       0.00241018       0.00241018       0.00241018       0.00241018       0.00241018       0.00241018       0.00241018       0.00241018       0.00241018       0.00241018       0.00241018       0.00241018       0.00241018
       0.00241018       0.00241018       0.00241018       0.00241018       0.00241018       0.00241018       0.00241018       0.00241018       0.00241018       0.00241018       0.00241018       0.00241018       0.00241018       0.00241018       0.00241018       0.00241018       0.00241018       0.00241018       0.00241018       0.00241018
       0.00241018       0.00241018       0.00241018       0.00241018       0.00241018       0.00241018       0.00241018       0.00241018       0.00241018       0.00241018       0.00241018       0.00241018       0.00241018       0.00241018       0.00241018       0.00241018       0.00241018       0.00241018       0.00241018       0.00241018
       0.00241018       0.00241018       0.00241018       0.00241018       0.00241018       0.00241018       0.00241018       0.00241018       0.00241018       0.00241018       0.00241018       0.00241018       0.00241018       0.00241018       0.00241018       0.00241018       0.00241018       0.00241018       0.00241018       0.00241018
       0.00241018       0.00241018       0.00241018       0.00241018       0.00241018       0.00241018       0.00241018       0.00241018       0.00241018       0.00241018       0.00241018       0.00241018       0.00241018       0.00241018       0.00241018       0.00241018       0.00241018       0.00241018       0.00241018       0.00241018
       0.00241018       0.00241018       0.00241018       0.00241018       0.00241018       0.00241018       0.00241018       0.00241018       0.00241018       0.00241018       0.00241018       0.00241018       0.00241018       0.00241018       0.00241018       0.00241018       0.00241018       0.00241018       0.00241018       0.00241018
       0.00241018       0.00241018       0.00241018       0.00241018       0.00241018       0.00241018       0.00241018       0.00241018       0.00241018       0.00241018       0.00241018       0.00241018       0.00241018       0.00241018       0.00241018       0.00241018       0.00241018       0.00241018       0.00241018       0.00241018
       0.00241018       0.00241018       0.00241018       0.00241018       0.00241018       0.00241018       0.00241018       0.00241018       0.00241018       0.00241018       0.00241018       0.00241018       0.00241018       0.00241018       0.00241018       0.00241018       0.00241018       0.00241018       0.00241018       0.00241018
       0.00241018       0.00241018       0.00241018       0.00241018       0.00241018       0.00241018       0.00241018       0.00241018       0.00241018       0.00241018       0.00241018       0.00241018       0.00241018       0.00241018       0.00241018       0.00241018       0.00241018       0.00241018       0.00241018       0.00241018
       0.00241018       0.00241018       0.00241018       0.00241018       0.00241018       0.00241018       0.00241018       0.00241018       0.00241018       0.00241018       0.00241018       0.00241018       0.00241018       0.00241018       0.00241018       0.00241018       0.00241018       0.00241018       0.00241018       0.00241018
       0.00241018       0.00241018       0.00241018       0.00241018       0.00241018       0.00241018       0.00241018       0.00241018       0.00241018       0.00241018       0.00241018       0.00241018       0.00241018       0.00241018       0.00241018       0.00241018       0.00241018       0.00241018       0.00241018       0.00241018
       0.00241018       0.00241018       0.00241018       0.00241018       0.00241018       0.00241018       0.00241018       0.00241018       0.00241018       0.00241018       0.00241018       0.00241018       0.00241018       0.00241018       0.00241018       0.00241018       0.00241018       0.00241018       0.00241018       0.00241018
       0.00241018       0.00241018       0.00241018       0.00241018       0.00241018       0.00241018       0.00241018       0.00241018       0.00241018       0.00241018       0.00241018       0.00241018       0.00241018       0.00241018       0.00241018       0.00241018       0.00241018       0.00241018       0.00241018       0.00241018
       0.00241018       0.00241018       0.00241018       0.00241018       0.00241018       0.00241018       0.00241018       0.00241018       0.00241018       0.00241018       0.00241018       0.00241018       0.00241018       0.00241018       0.00241018       0.00241018       0.00241018       0.00241018       0.00241018       0.00241018
       0.00241018       0.00241018       0.00241018       0.00241018       0.00241018       0.00241018       0.00241018       0.00241018       0.00241018       0.00241018       0.00241018       0.00241018       0.00241018       0.00241018       0.00241018       0.00241018       0.00241018       0.00241018       0.00241018       0.00241018
       0.00241018       0.00241018       0.00241018       0.00241018       0.00241018       0.00241018       0.00241018       0.00241018       0.00241018       0.00241018       0.00241018       0.00241018       0.00241018       0.00241018       0.00241018       0.00241018       0.00241018       0.00241018       0.00241018       0.00241018
       0.00241018       0.00241018       0.00241018       0.00241018       0.00241018       0.00241018       0.00241018       0.00241018       0.00241018       0.00241018       0.00241018       0.00241018       0.00241018       0.00241018       0.00241018       0.00241018       0.00241018       0.00241018       0.00241018       0.00241018
       0.00241018       0.00241018       0.00241018       0.00241018       0.00241018       0.00241018       0.00241018       0.00241018       0.00241018       0.00241018       0.00241018       0.00241018       0.00241018       0.00241018       0.00241018       0.00241018       0.00241018       0.00241018       0.00241018       0.00241018
       0.00241018       0.00241018       0.00241018       0.00241018       0.00241018       0.00241018       0.00241018       0.00241018       0.00241018       0.00241018       0.00241018       0.00241018       0.00241018       0.00241018       0.00241018       0.00241018       0.00241018       0.00241018       0.00241018       0.00241018
       0.00241018       0.00241018       0.00241018       0.00241018       0.00241018       0.00241018       0.00241018       0.00241018       0.00241018       0.00241018       0.00241018       0.00241018       0.00241018       0.00241018       0.00241018       0.00241018       0.00241018       0.00241018       0.00241018       0.00241018
       0.00241018       0.00241018       0.00241018       0.00241018       0.00241018       0.00241018       0.00241018       0.00241018       0.00241018       0.00241018       0.00241018       0.00241018       0.00241018       0.00241018       0.00241018       0.00241018       0.00241018       0.00241018       0.00241018       0.00241018
       0.00241018       0.00241018       0.00241018       0.00241018       0.00241018       0.00241018       0.00241018       0.00241018       0.00241018       0.00241018       0.00241018       0.00241018       0.00241018       0.00241018       0.00241018       0.00241018       0.00241018       0.00241018       0.00241018       0.00241018
       0.00241018       0.00241018       0.00241018       0.00241018       0.00241018       0.00241018       0.00241018       0.00241018       0.00241018       0.00241018       0.00241018       0.00241018       0.00241018       0.00241018       0.00241018       0.00241018       0.00241018       0.00241018       0.00241018       0.00241018
       0.00241018       0.00241018       0.00241018       0.00241018       0.00241018       0.00241018       0.00241018       0.00241018       0.00241018       0.00241018       0.00241018       0.00241018       0.00241018       0.00241018       0.00241018       0.00241018       0.00241018       0.00241018       0.00241018       0.00241018
       0.00241018       0.00241018       0.00241018       0.00241018       0.00241018       0.00241018       0.00241018       0.00241018       0.00241018       0.00241018       0.00241018       0.00241018       0.00241018       0.00241018       0.00241018       0.00241018       0.00241018       0.00241018       0.00241018       0.00241018
       0.00241018       0.00241018       0.00241018       0.00241018       0.00241018       0.00241018       0.00241018       0.00241018       0.00241018       0.00241018       0.00241018       0.00241018       0.00241018       0.00241018       0.00241018       0.00241018       0.00241018       0.00241018       0.00241018       0.00241018
       0.00241018       0.00241018       0.00241018       0.00241018       0.00241018       0.00241018       0.00241018       0.00241018       0.00241018       0.00241018       0.00241018       0.00241018       0.00241018       0.00241018       0.00241018       0.00241018       0.00241018       0.00241018       0.00241018       0.00241018
       0.00241018       0.00241018       0.00241018       0.00241018       0.00241018       0.00241018       0.00241018       0.00241018       0.00241018       0.00241018       0.00241018       0.00241018       0.00241018       0.00241018       0.00241018       0.00241018       0.00241018       0.00241018       0.00241018       0.00241018
       0.00241018       0.00241018       0.00241018       0.00241018       0.00241018       0.00241018       0.00241018       0.00241018       0.00241018       0.00241018       0.00241018       0.00241018       0.00241018       0.00241018       0.00241018       0.00241018       0.00241018       0.00241018       0.00241018       0.00241018
       0.00241018       0.00241018       0.00241018       0.00241018       0.00241018       0.00241018       0.00241018       0.00241018       0.00241018       0.00241018       0.00241018       0.00241018       0.00241018       0.00241018       0.00241018       0.00241018       0.00241018       0.00241018       0.00241018       0.00241018
       0.00241018       0.00241018       0.00241018       0.00241018       0.00241018       0.00241018       0.00241018       0.00241018       0.00241018       0.00241018       0.00241018       0.00241018       0.00241018       0.00241018       0.00241018       0.00241018       0.00241018       0.00241018       0.00241018       0.00241018
       0.00241018       0.00241018       0.00241018       0.00241018       0.00241018       0.00241018       0.00241018       0.00241018       0.00241018       0.00241018       0.00241018       0.00241018       0.00241018       0.00241018       0.00241018       0.00241018       0.00241018       0.00241018       0.00241018       0.00241018
