  1.16938700E-04  1.16938700E-04  1.16938700E-04  1.16938700E-04  1.16938700E-04  1.16938700E-04  1.16938700E-04  1.16938700E-04  1.16938700E-04  1.16938700E-04  1.16938700E-04  1.16938700E-04  1.16938700E-04  1.16938700E-04  1.16938700E-04  1.16938700E-04  1.16938700E-04  1.16938700E-04  1.16938700E-04  1.16938700E-04
  1.16938700E-04  1.16938700E-04  1.16938700E-04  1.16938700E-04  1.16938700E-04  1.16938700E-04  1.16938700E-04  1.16938700E-04  1.16938700E-04  1.16938700E-04  1.16938700E-04  1.16938700E-04  1.16938700E-04  1.16938700E-04  1.16938700E-04  1.16938700E-04  1.16938700E-04  1.16938700E-04  1.16938700E-04  1.16938700E-04
  1.16938700E-04  1.16938700E-04  1.16938700E-04  1.16938700E-04  1.16938700E-04  1.16938700E-04  1.16938700E-04  1.16938700E-04  1.16938700E-04  1.16938700E-04  1.16938700E-04  1.16938700E-04  1.16938700E-04  1.16938700E-04  1.16938700E-04  1.16938700E-04  1.16938700E-04  1.16938700E-04  1.16938700E-04  1.16938700E-04
  1.16938700E-04  1.16938700E-04  1.16938700E-04  1.16938700E-04  1.16938700E-04  1.16938700E-04  1.16938700E-04  1.16938700E-04  1.16938700E-04  1.16938700E-04  1.16938700E-04  1.16938700E-04  1.16938700E-04  1.16938700E-04  1.16938700E-04  1.16938700E-04  1.16938700E-04  1.16938700E-04  1.16938700E-04  1.16938700E-04
  1.16938700E-04  1.16938700E-04  1.16938700E-04  1.16938700E-04  1.16938700E-04  1.16938700E-04  1.16938700E-04  1.16938700E-04  1.16938700E-04  1.16938700E-04  1.16938700E-04  1.16938700E-04  1.16938700E-04  1.16938700E-04  1.16938700E-04  1.16938700E-04  1.16938700E-04  1.16938700E-04  1.16938700E-04  1.16938700E-04
  1.16938700E-04  1.16938700E-04  1.16938700E-04  1.16938700E-04  1.16938700E-04  1.16938700E-04  1.16938700E-04  1.16938700E-04  1.16938700E-04  1.16938700E-04  1.16938700E-04  1.16938700E-04  1.16938700E-04  1.16938700E-04  1.16938700E-04  1.16938700E-04  1.16938700E-04  1.16938700E-04  1.16938700E-04  1.16938700E-04
  1.16938700E-04  1.16938700E-04  1.16938700E-04  1.16938700E-04  1.16938700E-04  1.16938700E-04  1.16938700E-04  1.16938700E-04  1.16938700E-04  1.16938700E-04  1.16938700E-04  1.16938700E-04  1.16938700E-04  1.16938700E-04  1.16938700E-04  1.16938700E-04  1.16938700E-04  1.16938700E-04  1.16938700E-04  1.16938700E-04
  1.16938700E-04  1.16938700E-04  1.16938700E-04  1.16938700E-04  1.16938700E-04  1.16938700E-04  1.16938700E-04  1.16938700E-04  1.16938700E-04  1.16938700E-04  1.16938700E-04  1.16938700E-04  1.16938700E-04  1.16938700E-04  1.16938700E-04  1.16938700E-04  1.16938700E-04  1.16938700E-04  1.16938700E-04  1.16938700E-04
  1.16938700E-04  1.16938700E-04  1.16938700E-04  1.16938700E-04  1.16938700E-04  1.16938700E-04  1.16938700E-04  1.16938700E-04  1.16938700E-04  1.16938700E-04  1.16938700E-04  1.16938700E-04  1.16938700E-04  1.16938700E-04  1.16938700E-04  1.16938700E-04  1.16938700E-04  1.16938700E-04  1.16938700E-04  1.16938700E-04
  1.16938700E-04  1.16938700E-04  1.16938700E-04  1.16938700E-04  1.16938700E-04  1.16938700E-04  1.16938700E-04  1.16938700E-04  1.16938700E-04  1.16938700E-04  1.16938700E-04  1.16938700E-04  1.16938700E-04  1.16938700E-04  1.16938700E-04  1.16938700E-04  1.16938700E-04  1.16938700E-04  1.16938700E-04  1.16938700E-04
  1.16938700E-04  1.16938700E-04  1.16938700E-04  1.16938700E-04  1.16938700E-04  1.16938700E-04  1.16938700E-04  1.16938700E-04  1.16938700E-04  1.16938700E-04  1.16938700E-04  1.16938700E-04  1.16938700E-04  1.16938700E-04  1.16938700E-04  1.16938700E-04  1.16938700E-04  1.16938700E-04  1.16938700E-04  1.16938700E-04
  1.16938700E-04  1.16938700E-04  1.16938700E-04  1.16938700E-04  1.16938700E-04  1.16938700E-04  1.16938700E-04  1.16938700E-04  1.16938700E-04  1.16938700E-04  1.16938700E-04  1.16938700E-04  1.16938700E-04  1.16938700E-04  1.16938700E-04  1.16938700E-04  1.16938700E-04  1.16938700E-04  1.16938700E-04  1.16938700E-04
  1.16938700E-04  1.16938700E-04  1.16938700E-04  1.16938700E-04  1.16938700E-04  1.16938700E-04  1.16938700E-04  1.16938700E-04  1.16938700E-04  1.16938700E-04  1.16938700E-04  1.16938700E-04  1.16938700E-04  1.16938700E-04  1.16938700E-04  1.16938700E-04  1.16938700E-04  1.16938700E-04  1.16938700E-04  1.16938700E-04
  1.16938700E-04  1.16938700E-04  1.16938700E-04  1.16938700E-04  1.16938700E-04  1.16938700E-04  1.16938700E-04  1.16938700E-04  1.16938700E-04  1.16938700E-04  1.16938700E-04  1.16938700E-04  1.16938700E-04  1.16938700E-04  1.16938700E-04  1.16938700E-04  1.16938700E-04  1.16938700E-04  1.16938700E-04  1.16938700E-04
  1.16938700E-04  1.16938700E-04  1.16938700E-04  1.16938700E-04  1.16938700E-04  1.16938700E-04  1.16938700E-04  1.16938700E-04  1.16938700E-04  1.16938700E-04  1.16938700E-04  1.16938700E-04  1.16938700E-04  1.16938700E-04  1.16938700E-04  1.16938700E-04  1.16938700E-04  1.16938700E-04  1.16938700E-04  1.16938700E-04
  1.16938700E-04  1.16938700E-04  1.16938700E-04  1.16938700E-04  1.16938700E-04  1.16938700E-04  1.16938700E-04  1.16938700E-04  1.16938700E-04  1.16938700E-04  1.16938700E-04  1.16938700E-04  1.16938700E-04  1.16938700E-04  1.16938700E-04  1.16938700E-04  1.16938700E-04  1.16938700E-04  1.16938700E-04  1.16938700E-04
  1.16938700E-04  1.16938700E-04  1.16938700E-04  1.16938700E-04  1.16938700E-04  1.16938700E-04  1.16938700E-04  1.16938700E-04  1.16938700E-04  1.16938700E-04  1.16938700E-04  1.16938700E-04  1.16938700E-04  1.16938700E-04  1.16938700E-04  1.16938700E-04  1.16938700E-04  1.16938700E-04  1.16938700E-04  1.16938700E-04
  1.16938700E-04  1.16938700E-04  1.16938700E-04  1.16938700E-04  1.16938700E-04  1.16938700E-04  1.16938700E-04  1.16938700E-04  1.16938700E-04  1.16938700E-04  1.16938700E-04  1.16938700E-04  1.16938700E-04  1.16938700E-04  1.16938700E-04  1.16938700E-04  1.16938700E-04  1.16938700E-04  1.16938700E-04  1.16938700E-04
  1.16938700E-04  1.16938700E-04  1.16938700E-04  1.16938700E-04  1.16938700E-04  1.16938700E-04  1.16938700E-04  1.16938700E-04  1.16938700E-04  1.16938700E-04  1.16938700E-04  1.16938700E-04  1.16938700E-04  1.16938700E-04  1.16938700E-04  1.16938700E-04  1.16938700E-04  1.16938700E-04  1.16938700E-04  1.16938700E-04
  1.16938700E-04  1.16938700E-04  1.16938700E-04  1.16938700E-04  1.16938700E-04  1.16938700E-04  1.16938700E-04  1.16938700E-04  1.16938700E-04  1.16938700E-04  1.16938700E-04  1.16938700E-04  1.16938700E-04  1.16938700E-04  1.16938700E-04  1.16938700E-04  1.16938700E-04  1.16938700E-04  1.16938700E-04  1.16938700E-04
  1.16938700E-04  1.16938700E-04  1.16938700E-04  1.16938700E-04  1.16938700E-04  1.16938700E-04  1.16938700E-04  1.16938700E-04  1.16938700E-04  1.16938700E-04  1.16938700E-04  1.16938700E-04  1.16938700E-04  1.16938700E-04  1.16938700E-04  1.16938700E-04  1.16938700E-04  1.16938700E-04  1.16938700E-04  1.16938700E-04
  1.16938700E-04  1.16938700E-04  1.16938700E-04  1.16938700E-04  1.16938700E-04  1.16938700E-04  1.16938700E-04  1.16938700E-04  1.16938700E-04  1.16938700E-04  1.16938700E-04  1.16938700E-04  1.16938700E-04  1.16938700E-04  1.16938700E-04  1.16938700E-04  1.16938700E-04  1.16938700E-04  1.16938700E-04  1.16938700E-04
  1.16938700E-04  1.16938700E-04  1.16938700E-04  1.16938700E-04  1.16938700E-04  1.16938700E-04  1.16938700E-04  1.16938700E-04  1.16938700E-04  1.16938700E-04  1.16938700E-04  1.16938700E-04  1.16938700E-04  1.16938700E-04  1.16938700E-04  1.16938700E-04  1.16938700E-04  1.16938700E-04  1.16938700E-04  1.16938700E-04
  1.16938700E-04  1.16938700E-04  1.16938700E-04  1.16938700E-04  1.16938700E-04  1.16938700E-04  1.16938700E-04  1.16938700E-04  1.16938700E-04  1.16938700E-04  1.16938700E-04  1.16938700E-04  1.16938700E-04  1.16938700E-04  1.16938700E-04  1.16938700E-04  1.16938700E-04  1.16938700E-04  1.16938700E-04  1.16938700E-04
  1.16938700E-04  1.16938700E-04  1.16938700E-04  1.16938700E-04  1.16938700E-04  1.16938700E-04  1.16938700E-04  1.16938700E-04  1.16938700E-04  1.16938700E-04  1.16938700E-04  1.16938700E-04  1.16938700E-04  1.16938700E-04  1.16938700E-04  1.16938700E-04  1.16938700E-04  1.16938700E-04  1.16938700E-04  1.16938700E-04
  1.16938700E-04  1.16938700E-04  1.16938700E-04  1.16938700E-04  1.16938700E-04  1.16938700E-04  1.16938700E-04  1.16938700E-04  1.16938700E-04  1.16938700E-04  1.16938700E-04  1.16938700E-04  1.16938700E-04  1.16938700E-04  1.16938700E-04  1.16938700E-04  1.16938700E-04  1.16938700E-04  1.16938700E-04  1.16938700E-04
  1.16938700E-04  1.16938700E-04  1.16938700E-04  1.16938700E-04  1.16938700E-04  1.16938700E-04  1.16938700E-04  1.16938700E-04  1.16938700E-04  1.16938700E-04  1.16938700E-04  1.16938700E-04  1.16938700E-04  1.16938700E-04  1.16938700E-04  1.16938700E-04  1.16938700E-04  1.16938700E-04  1.16938700E-04  1.16938700E-04
  1.16938700E-04  1.16938700E-04  1.16938700E-04  1.16938700E-04  1.16938700E-04  1.16938700E-04  1.16938700E-04  1.16938700E-04  1.16938700E-04  1.16938700E-04  1.16938700E-04  1.16938700E-04  1.16938700E-04  1.16938700E-04  1.16938700E-04  1.16938700E-04  1.16938700E-04  1.16938700E-04  1.16938700E-04  1.16938700E-04
  1.16938700E-04  1.16938700E-04  1.16938700E-04  1.16938700E-04  1.16938700E-04  1.16938700E-04  1.16938700E-04  1.16938700E-04  1.16938700E-04  1.16938700E-04  1.16938700E-04  1.16938700E-04  1.16938700E-04  1.16938700E-04  1.16938700E-04  1.16938700E-04  1.16938700E-04  1.16938700E-04  1.16938700E-04  1.16938700E-04
  1.16938700E-04  1.16938700E-04  1.16938700E-04  1.16938700E-04  1.16938700E-04  1.16938700E-04  1.16938700E-04  1.16938700E-04  1.16938700E-04  1.16938700E-04  1.16938700E-04  1.16938700E-04  1.16938700E-04  1.16938700E-04  1.16938700E-04  1.16938700E-04  1.16938700E-04  1.16938700E-04  1.16938700E-04  1.16938700E-04
  1.16938700E-04  1.16938700E-04  1.16938700E-04  1.16938700E-04  1.16938700E-04  1.16938700E-04  1.16938700E-04  1.16938700E-04  1.16938700E-04  1.16938700E-04  1.16938700E-04  1.16938700E-04  1.16938700E-04  1.16938700E-04  1.16938700E-04  1.16938700E-04  1.16938700E-04  1.16938700E-04  1.16938700E-04  1.16938700E-04
  1.16938700E-04  1.16938700E-04  1.16938700E-04  1.16938700E-04  1.16938700E-04  1.16938700E-04  1.16938700E-04  1.16938700E-04  1.16938700E-04  1.16938700E-04  1.16938700E-04  1.16938700E-04  1.16938700E-04  1.16938700E-04  1.16938700E-04  1.16938700E-04  1.16938700E-04  1.16938700E-04  1.16938700E-04  1.16938700E-04
  1.16938700E-04  1.16938700E-04  1.16938700E-04  1.16938700E-04  1.16938700E-04  1.16938700E-04  1.16938700E-04  1.16938700E-04  1.16938700E-04  1.16938700E-04  1.16938700E-04  1.16938700E-04  1.16938700E-04  1.16938700E-04  1.16938700E-04  1.16938700E-04  1.16938700E-04  1.16938700E-04  1.16938700E-04  1.16938700E-04
  1.16938700E-04  1.16938700E-04  1.16938700E-04  1.16938700E-04  1.16938700E-04  1.16938700E-04  1.16938700E-04  1.16938700E-04  1.16938700E-04  1.16938700E-04  1.16938700E-04  1.16938700E-04  1.16938700E-04  1.16938700E-04  1.16938700E-04  1.16938700E-04  1.16938700E-04  1.16938700E-04  1.16938700E-04  1.16938700E-04
  1.16938700E-04  1.16938700E-04  1.16938700E-04  1.16938700E-04  1.16938700E-04  1.16938700E-04  1.16938700E-04  1.16938700E-04  1.16938700E-04  1.16938700E-04  1.16938700E-04  1.16938700E-04  1.16938700E-04  1.16938700E-04  1.16938700E-04  1.16938700E-04  1.16938700E-04  1.16938700E-04  1.16938700E-04  1.16938700E-04
  1.16938700E-04  1.16938700E-04  1.16938700E-04  1.16938700E-04  1.16938700E-04  1.16938700E-04  1.16938700E-04  1.16938700E-04  1.16938700E-04  1.16938700E-04  1.16938700E-04  1.16938700E-04  1.16938700E-04  1.16938700E-04  1.16938700E-04  1.16938700E-04  1.16938700E-04  1.16938700E-04  1.16938700E-04  1.16938700E-04
  1.16938700E-04  1.16938700E-04  1.16938700E-04  1.16938700E-04  1.16938700E-04  1.16938700E-04  1.16938700E-04  1.16938700E-04  1.16938700E-04  1.16938700E-04  1.16938700E-04  1.16938700E-04  1.16938700E-04  1.16938700E-04  1.16938700E-04  1.16938700E-04  1.16938700E-04  1.16938700E-04  1.16938700E-04  1.16938700E-04
  1.16938700E-04  1.16938700E-04  1.16938700E-04  1.16938700E-04  1.16938700E-04  1.16938700E-04  1.16938700E-04  1.16938700E-04  1.16938700E-04  1.16938700E-04  1.16938700E-04  1.16938700E-04  1.16938700E-04  1.16938700E-04  1.16938700E-04  1.16938700E-04  1.16938700E-04  1.16938700E-04  1.16938700E-04  1.16938700E-04
  1.16938700E-04  1.16938700E-04  1.16938700E-04  1.16938700E-04  1.16938700E-04  1.16938700E-04  1.16938700E-04  1.16938700E-04  1.16938700E-04  1.16938700E-04  1.16938700E-04  1.16938700E-04  1.16938700E-04  1.16938700E-04  1.16938700E-04  1.16938700E-04  1.16938700E-04  1.16938700E-04  1.16938700E-04  1.16938700E-04
  1.16938700E-04  1.16938700E-04  1.16938700E-04  1.16938700E-04  1.16938700E-04  1.16938700E-04  1.16938700E-04  1.16938700E-04  1.16938700E-04  1.16938700E-04  1.16938700E-04  1.16938700E-04  1.16938700E-04  1.16938700E-04  1.16938700E-04  1.16938700E-04  1.16938700E-04  1.16938700E-04  1.16938700E-04  1.16938700E-04
