       0.00289128       0.00289128       0.00289128       0.00289128       0.00289128       0.00289128       0.00289128       0.00289128       0.00289128       0.00289128       0.00289128       0.00289128       0.00289128       0.00289128       0.00289128       0.00289128       0.00289128       0.00289128       0.00289128       0.00289128
       0.00289128       0.00289128       0.00289128       0.00289128       0.00289128       0.00289128       0.00289128       0.00289128       0.00289128       0.00289128       0.00289128       0.00289128       0.00289128       0.00289128       0.00289128       0.00289128       0.00289128       0.00289128       0.00289128       0.00289128
       0.00289128       0.00289128       0.00289128       0.00289128       0.00289128       0.00289128       0.00289128       0.00289128       0.00289128       0.00289128       0.00289128       0.00289128       0.00289128       0.00289128       0.00289128       0.00289128       0.00289128       0.00289128       0.00289128       0.00289128
       0.00289128       0.00289128       0.00289128       0.00289128       0.00289128       0.00289128       0.00289128       0.00289128       0.00289128       0.00289128       0.00289128       0.00289128       0.00289128       0.00289128       0.00289128       0.00289128       0.00289128       0.00289128       0.00289128       0.00289128
       0.00289128       0.00289128       0.00289128       0.00289128       0.00289128       0.00289128       0.00289128       0.00289128       0.00289128       0.00289128       0.00289128       0.00289128       0.00289128       0.00289128       0.00289128       0.00289128       0.00289128       0.00289128       0.00289128       0.00289128
       0.00289128       0.00289128       0.00289128       0.00289128       0.00289128       0.00289128       0.00289128       0.00289128       0.00289128       0.00289128       0.00289128       0.00289128       0.00289128       0.00289128       0.00289128       0.00289128       0.00289128       0.00289128       0.00289128       0.00289128
       0.00289128       0.00289128       0.00289128       0.00289128       0.00289128       0.00289128       0.00289128       0.00289128       0.00289128       0.00289128       0.00289128       0.00289128       0.00289128       0.00289128       0.00289128       0.00289128       0.00289128       0.00289128       0.00289128       0.00289128
       0.00289128       0.00289128       0.00289128       0.00289128       0.00289128       0.00289128       0.00289128       0.00289128       0.00289128       0.00289128       0.00289128       0.00289128       0.00289128       0.00289128       0.00289128       0.00289128       0.00289128       0.00289128       0.00289128       0.00289128
       0.00289128       0.00289128       0.00289128       0.00289128       0.00289128       0.00289128       0.00289128       0.00289128       0.00289128       0.00289128       0.00289128       0.00289128       0.00289128       0.00289128       0.00289128       0.00289128       0.00289128       0.00289128       0.00289128       0.00289128
       0.00289128       0.00289128       0.00289128       0.00289128       0.00289128       0.00289128       0.00289128       0.00289128       0.00289128       0.00289128       0.00289128       0.00289128       0.00289128       0.00289128       0.00289128       0.00289128       0.00289128       0.00289128       0.00289128       0.00289128
       0.00289128       0.00289128       0.00289128       0.00289128       0.00289128       0.00289128       0.00289128       0.00289128       0.00289128       0.00289128       0.00289128       0.00289128       0.00289128       0.00289128       0.00289128       0.00289128       0.00289128       0.00289128       0.00289128       0.00289128
       0.00289128       0.00289128       0.00289128       0.00289128       0.00289128       0.00289128       0.00289128       0.00289128       0.00289128       0.00289128       0.00289128       0.00289128       0.00289128       0.00289128       0.00289128       0.00289128       0.00289128       0.00289128       0.00289128       0.00289128
       0.00289128       0.00289128       0.00289128       0.00289128       0.00289128       0.00289128       0.00289128       0.00289128       0.00289128       0.00289128       0.00289128       0.00289128       0.00289128       0.00289128       0.00289128       0.00289128       0.00289128       0.00289128       0.00289128       0.00289128
       0.00289128       0.00289128       0.00289128       0.00289128       0.00289128       0.00289128       0.00289128       0.00289128       0.00289128       0.00289128       0.00289128       0.00289128       0.00289128       0.00289128       0.00289128       0.00289128       0.00289128       0.00289128       0.00289128       0.00289128
       0.00289128       0.00289128       0.00289128       0.00289128       0.00289128       0.00289128       0.00289128       0.00289128       0.00289128       0.00289128       0.00289128       0.00289128       0.00289128       0.00289128       0.00289128       0.00289128       0.00289128       0.00289128       0.00289128       0.00289128
       0.00289128       0.00289128       0.00289128       0.00289128       0.00289128       0.00289128       0.00289128       0.00289128       0.00289128       0.00289128       0.00289128       0.00289128       0.00289128       0.00289128       0.00289128       0.00289128       0.00289128       0.00289128       0.00289128       0.00289128
       0.00289128       0.00289128       0.00289128       0.00289128       0.00289128       0.00289128       0.00289128       0.00289128       0.00289128       0.00289128       0.00289128       0.00289128       0.00289128       0.00289128       0.00289128       0.00289128       0.00289128       0.00289128       0.00289128       0.00289128
       0.00289128       0.00289128       0.00289128       0.00289128       0.00289128       0.00289128       0.00289128       0.00289128       0.00289128       0.00289128       0.00289128       0.00289128       0.00289128       0.00289128       0.00289128       0.00289128       0.00289128       0.00289128       0.00289128       0.00289128
       0.00289128       0.00289128       0.00289128       0.00289128       0.00289128       0.00289128       0.00289128       0.00289128       0.00289128       0.00289128       0.00289128       0.00289128       0.00289128       0.00289128       0.00289128       0.00289128       0.00289128       0.00289128       0.00289128       0.00289128
       0.00289128       0.00289128       0.00289128       0.00289128       0.00289128       0.00289128       0.00289128       0.00289128       0.00289128       0.00289128       0.00289128       0.00289128       0.00289128       0.00289128       0.00289128       0.00289128       0.00289128       0.00289128       0.00289128       0.00289128
       0.00289128       0.00289128       0.00289128       0.00289128       0.00289128       0.00289128       0.00289128       0.00289128       0.00289128       0.00289128       0.00289128       0.00289128       0.00289128       0.00289128       0.00289128       0.00289128       0.00289128       0.00289128       0.00289128       0.00289128
       0.00289128       0.00289128       0.00289128       0.00289128       0.00289128       0.00289128       0.00289128       0.00289128       0.00289128       0.00289128       0.00289128       0.00289128       0.00289128       0.00289128       0.00289128       0.00289128       0.00289128       0.00289128       0.00289128       0.00289128
       0.00289128       0.00289128       0.00289128       0.00289128       0.00289128       0.00289128       0.00289128       0.00289128       0.00289128       0.00289128       0.00289128       0.00289128       0.00289128       0.00289128       0.00289128       0.00289128       0.00289128       0.00289128       0.00289128       0.00289128
       0.00289128       0.00289128       0.00289128       0.00289128       0.00289128       0.00289128       0.00289128       0.00289128       0.00289128       0.00289128       0.00289128       0.00289128       0.00289128       0.00289128       0.00289128       0.00289128       0.00289128       0.00289128       0.00289128       0.00289128
       0.00289128       0.00289128       0.00289128       0.00289128       0.00289128       0.00289128       0.00289128       0.00289128       0.00289128       0.00289128       0.00289128       0.00289128       0.00289128       0.00289128       0.00289128       0.00289128       0.00289128       0.00289128       0.00289128       0.00289128
       0.00289128       0.00289128       0.00289128       0.00289128       0.00289128       0.00289128       0.00289128       0.00289128       0.00289128       0.00289128       0.00289128       0.00289128       0.00289128       0.00289128       0.00289128       0.00289128       0.00289128       0.00289128       0.00289128       0.00289128
       0.00289128       0.00289128       0.00289128       0.00289128       0.00289128       0.00289128       0.00289128       0.00289128       0.00289128       0.00289128       0.00289128       0.00289128       0.00289128       0.00289128       0.00289128       0.00289128       0.00289128       0.00289128       0.00289128       0.00289128
       0.00289128       0.00289128       0.00289128       0.00289128       0.00289128       0.00289128       0.00289128       0.00289128       0.00289128       0.00289128       0.00289128       0.00289128       0.00289128       0.00289128       0.00289128       0.00289128       0.00289128       0.00289128       0.00289128       0.00289128
       0.00289128       0.00289128       0.00289128       0.00289128       0.00289128       0.00289128       0.00289128       0.00289128       0.00289128       0.00289128       0.00289128       0.00289128       0.00289128       0.00289128       0.00289128       0.00289128       0.00289128       0.00289128       0.00289128       0.00289128
       0.00289128       0.00289128       0.00289128       0.00289128       0.00289128       0.00289128       0.00289128       0.00289128       0.00289128       0.00289128       0.00289128       0.00289128       0.00289128       0.00289128       0.00289128       0.00289128       0.00289128       0.00289128       0.00289128       0.00289128
       0.00289128       0.00289128       0.00289128       0.00289128       0.00289128       0.00289128       0.00289128       0.00289128       0.00289128       0.00289128       0.00289128       0.00289128       0.00289128       0.00289128       0.00289128       0.00289128       0.00289128       0.00289128       0.00289128       0.00289128
       0.00289128       0.00289128       0.00289128       0.00289128       0.00289128       0.00289128       0.00289128       0.00289128       0.00289128       0.00289128       0.00289128       0.00289128       0.00289128       0.00289128       0.00289128       0.00289128       0.00289128       0.00289128       0.00289128       0.00289128
       0.00289128       0.00289128       0.00289128       0.00289128       0.00289128       0.00289128       0.00289128       0.00289128       0.00289128       0.00289128       0.00289128       0.00289128       0.00289128       0.00289128       0.00289128       0.00289128       0.00289128       0.00289128       0.00289128       0.00289128
       0.00289128       0.00289128       0.00289128       0.00289128       0.00289128       0.00289128       0.00289128       0.00289128       0.00289128       0.00289128       0.00289128       0.00289128       0.00289128       0.00289128       0.00289128       0.00289128       0.00289128       0.00289128       0.00289128       0.00289128
       0.00289128       0.00289128       0.00289128       0.00289128       0.00289128       0.00289128       0.00289128       0.00289128       0.00289128       0.00289128       0.00289128       0.00289128       0.00289128       0.00289128       0.00289128       0.00289128       0.00289128       0.00289128       0.00289128       0.00289128
       0.00289128       0.00289128       0.00289128       0.00289128       0.00289128       0.00289128       0.00289128       0.00289128       0.00289128       0.00289128       0.00289128       0.00289128       0.00289128       0.00289128       0.00289128       0.00289128       0.00289128       0.00289128       0.00289128       0.00289128
       0.00289128       0.00289128       0.00289128       0.00289128       0.00289128       0.00289128       0.00289128       0.00289128       0.00289128       0.00289128       0.00289128       0.00289128       0.00289128       0.00289128       0.00289128       0.00289128       0.00289128       0.00289128       0.00289128       0.00289128
       0.00289128       0.00289128       0.00289128       0.00289128       0.00289128       0.00289128       0.00289128       0.00289128       0.00289128       0.00289128       0.00289128       0.00289128       0.00289128       0.00289128       0.00289128       0.00289128       0.00289128       0.00289128       0.00289128       0.00289128
       0.00289128       0.00289128       0.00289128       0.00289128       0.00289128       0.00289128       0.00289128       0.00289128       0.00289128       0.00289128       0.00289128       0.00289128       0.00289128       0.00289128       0.00289128       0.00289128       0.00289128       0.00289128       0.00289128       0.00289128
       0.00289128       0.00289128       0.00289128       0.00289128       0.00289128       0.00289128       0.00289128       0.00289128       0.00289128       0.00289128       0.00289128       0.00289128       0.00289128       0.00289128       0.00289128       0.00289128       0.00289128       0.00289128       0.00289128       0.00289128
