       0.00198524       0.00198524       0.00198524       0.00198524       0.00198524       0.00198524       0.00198524       0.00198524       0.00198524       0.00198524       0.00198524       0.00198524       0.00198524       0.00198524       0.00198524       0.00198524       0.00198524       0.00198524       0.00198524       0.00198524
       0.00198524       0.00198524       0.00198524       0.00198524       0.00198524       0.00198524       0.00198524       0.00198524       0.00198524       0.00198524       0.00198524       0.00198524       0.00198524       0.00198524       0.00198524       0.00198524       0.00198524       0.00198524       0.00198524       0.00198524
       0.00198524       0.00198524       0.00198524       0.00198524       0.00198524       0.00198524       0.00198524       0.00198524       0.00198524       0.00198524       0.00198524       0.00198524       0.00198524       0.00198524       0.00198524       0.00198524       0.00198524       0.00198524       0.00198524       0.00198524
       0.00198524       0.00198524       0.00198524       0.00198524       0.00198524       0.00198524       0.00198524       0.00198524       0.00198524       0.00198524       0.00198524       0.00198524       0.00198524       0.00198524       0.00198524       0.00198524       0.00198524       0.00198524       0.00198524       0.00198524
       0.00198524       0.00198524       0.00198524       0.00198524       0.00198524       0.00198524       0.00198524       0.00198524       0.00198524       0.00198524       0.00198524       0.00198524       0.00198524       0.00198524       0.00198524       0.00198524       0.00198524       0.00198524       0.00198524       0.00198524
       0.00198524       0.00198524       0.00198524       0.00198524       0.00198524       0.00198524       0.00198524       0.00198524       0.00198524       0.00198524       0.00198524       0.00198524       0.00198524       0.00198524       0.00198524       0.00198524       0.00198524       0.00198524       0.00198524       0.00198524
       0.00198524       0.00198524       0.00198524       0.00198524       0.00198524       0.00198524       0.00198524       0.00198524       0.00198524       0.00198524       0.00198524       0.00198524       0.00198524       0.00198524       0.00198524       0.00198524       0.00198524       0.00198524       0.00198524       0.00198524
       0.00198524       0.00198524       0.00198524       0.00198524       0.00198524       0.00198524       0.00198524       0.00198524       0.00198524       0.00198524       0.00198524       0.00198524       0.00198524       0.00198524       0.00198524       0.00198524       0.00198524       0.00198524       0.00198524       0.00198524
       0.00198524       0.00198524       0.00198524       0.00198524       0.00198524       0.00198524       0.00198524       0.00198524       0.00198524       0.00198524       0.00198524       0.00198524       0.00198524       0.00198524       0.00198524       0.00198524       0.00198524       0.00198524       0.00198524       0.00198524
       0.00198524       0.00198524       0.00198524       0.00198524       0.00198524       0.00198524       0.00198524       0.00198524       0.00198524       0.00198524       0.00198524       0.00198524       0.00198524       0.00198524       0.00198524       0.00198524       0.00198524       0.00198524       0.00198524       0.00198524
       0.00198524       0.00198524       0.00198524       0.00198524       0.00198524       0.00198524       0.00198524       0.00198524       0.00198524       0.00198524       0.00198524       0.00198524       0.00198524       0.00198524       0.00198524       0.00198524       0.00198524       0.00198524       0.00198524       0.00198524
       0.00198524       0.00198524       0.00198524       0.00198524       0.00198524       0.00198524       0.00198524       0.00198524       0.00198524       0.00198524       0.00198524       0.00198524       0.00198524       0.00198524       0.00198524       0.00198524       0.00198524       0.00198524       0.00198524       0.00198524
       0.00198524       0.00198524       0.00198524       0.00198524       0.00198524       0.00198524       0.00198524       0.00198524       0.00198524       0.00198524       0.00198524       0.00198524       0.00198524       0.00198524       0.00198524       0.00198524       0.00198524       0.00198524       0.00198524       0.00198524
       0.00198524       0.00198524       0.00198524       0.00198524       0.00198524       0.00198524       0.00198524       0.00198524       0.00198524       0.00198524       0.00198524       0.00198524       0.00198524       0.00198524       0.00198524       0.00198524       0.00198524       0.00198524       0.00198524       0.00198524
       0.00198524       0.00198524       0.00198524       0.00198524       0.00198524       0.00198524       0.00198524       0.00198524       0.00198524       0.00198524       0.00198524       0.00198524       0.00198524       0.00198524       0.00198524       0.00198524       0.00198524       0.00198524       0.00198524       0.00198524
       0.00198524       0.00198524       0.00198524       0.00198524       0.00198524       0.00198524       0.00198524       0.00198524       0.00198524       0.00198524       0.00198524       0.00198524       0.00198524       0.00198524       0.00198524       0.00198524       0.00198524       0.00198524       0.00198524       0.00198524
       0.00198524       0.00198524       0.00198524       0.00198524       0.00198524       0.00198524       0.00198524       0.00198524       0.00198524       0.00198524       0.00198524       0.00198524       0.00198524       0.00198524       0.00198524       0.00198524       0.00198524       0.00198524       0.00198524       0.00198524
       0.00198524       0.00198524       0.00198524       0.00198524       0.00198524       0.00198524       0.00198524       0.00198524       0.00198524       0.00198524       0.00198524       0.00198524       0.00198524       0.00198524       0.00198524       0.00198524       0.00198524       0.00198524       0.00198524       0.00198524
       0.00198524       0.00198524       0.00198524       0.00198524       0.00198524       0.00198524       0.00198524       0.00198524       0.00198524       0.00198524       0.00198524       0.00198524       0.00198524       0.00198524       0.00198524       0.00198524       0.00198524       0.00198524       0.00198524       0.00198524
       0.00198524       0.00198524       0.00198524       0.00198524       0.00198524       0.00198524       0.00198524       0.00198524       0.00198524       0.00198524       0.00198524       0.00198524       0.00198524       0.00198524       0.00198524       0.00198524       0.00198524       0.00198524       0.00198524       0.00198524
       0.00198524       0.00198524       0.00198524       0.00198524       0.00198524       0.00198524       0.00198524       0.00198524       0.00198524       0.00198524       0.00198524       0.00198524       0.00198524       0.00198524       0.00198524       0.00198524       0.00198524       0.00198524       0.00198524       0.00198524
       0.00198524       0.00198524       0.00198524       0.00198524       0.00198524       0.00198524       0.00198524       0.00198524       0.00198524       0.00198524       0.00198524       0.00198524       0.00198524       0.00198524       0.00198524       0.00198524       0.00198524       0.00198524       0.00198524       0.00198524
       0.00198524       0.00198524       0.00198524       0.00198524       0.00198524       0.00198524       0.00198524       0.00198524       0.00198524       0.00198524       0.00198524       0.00198524       0.00198524       0.00198524       0.00198524       0.00198524       0.00198524       0.00198524       0.00198524       0.00198524
       0.00198524       0.00198524       0.00198524       0.00198524       0.00198524       0.00198524       0.00198524       0.00198524       0.00198524       0.00198524       0.00198524       0.00198524       0.00198524       0.00198524       0.00198524       0.00198524       0.00198524       0.00198524       0.00198524       0.00198524
       0.00198524       0.00198524       0.00198524       0.00198524       0.00198524       0.00198524       0.00198524       0.00198524       0.00198524       0.00198524       0.00198524       0.00198524       0.00198524       0.00198524       0.00198524       0.00198524       0.00198524       0.00198524       0.00198524       0.00198524
       0.00198524       0.00198524       0.00198524       0.00198524       0.00198524       0.00198524       0.00198524       0.00198524       0.00198524       0.00198524       0.00198524       0.00198524       0.00198524       0.00198524       0.00198524       0.00198524       0.00198524       0.00198524       0.00198524       0.00198524
       0.00198524       0.00198524       0.00198524       0.00198524       0.00198524       0.00198524       0.00198524       0.00198524       0.00198524       0.00198524       0.00198524       0.00198524       0.00198524       0.00198524       0.00198524       0.00198524       0.00198524       0.00198524       0.00198524       0.00198524
       0.00198524       0.00198524       0.00198524       0.00198524       0.00198524       0.00198524       0.00198524       0.00198524       0.00198524       0.00198524       0.00198524       0.00198524       0.00198524       0.00198524       0.00198524       0.00198524       0.00198524       0.00198524       0.00198524       0.00198524
       0.00198524       0.00198524       0.00198524       0.00198524       0.00198524       0.00198524       0.00198524       0.00198524       0.00198524       0.00198524       0.00198524       0.00198524       0.00198524       0.00198524       0.00198524       0.00198524       0.00198524       0.00198524       0.00198524       0.00198524
       0.00198524       0.00198524       0.00198524       0.00198524       0.00198524       0.00198524       0.00198524       0.00198524       0.00198524       0.00198524       0.00198524       0.00198524       0.00198524       0.00198524       0.00198524       0.00198524       0.00198524       0.00198524       0.00198524       0.00198524
       0.00198524       0.00198524       0.00198524       0.00198524       0.00198524       0.00198524       0.00198524       0.00198524       0.00198524       0.00198524       0.00198524       0.00198524       0.00198524       0.00198524       0.00198524       0.00198524       0.00198524       0.00198524       0.00198524       0.00198524
       0.00198524       0.00198524       0.00198524       0.00198524       0.00198524       0.00198524       0.00198524       0.00198524       0.00198524       0.00198524       0.00198524       0.00198524       0.00198524       0.00198524       0.00198524       0.00198524       0.00198524       0.00198524       0.00198524       0.00198524
       0.00198524       0.00198524       0.00198524       0.00198524       0.00198524       0.00198524       0.00198524       0.00198524       0.00198524       0.00198524       0.00198524       0.00198524       0.00198524       0.00198524       0.00198524       0.00198524       0.00198524       0.00198524       0.00198524       0.00198524
       0.00198524       0.00198524       0.00198524       0.00198524       0.00198524       0.00198524       0.00198524       0.00198524       0.00198524       0.00198524       0.00198524       0.00198524       0.00198524       0.00198524       0.00198524       0.00198524       0.00198524       0.00198524       0.00198524       0.00198524
       0.00198524       0.00198524       0.00198524       0.00198524       0.00198524       0.00198524       0.00198524       0.00198524       0.00198524       0.00198524       0.00198524       0.00198524       0.00198524       0.00198524       0.00198524       0.00198524       0.00198524       0.00198524       0.00198524       0.00198524
       0.00198524       0.00198524       0.00198524       0.00198524       0.00198524       0.00198524       0.00198524       0.00198524       0.00198524       0.00198524       0.00198524       0.00198524       0.00198524       0.00198524       0.00198524       0.00198524       0.00198524       0.00198524       0.00198524       0.00198524
       0.00198524       0.00198524       0.00198524       0.00198524       0.00198524       0.00198524       0.00198524       0.00198524       0.00198524       0.00198524       0.00198524       0.00198524       0.00198524       0.00198524       0.00198524       0.00198524       0.00198524       0.00198524       0.00198524       0.00198524
       0.00198524       0.00198524       0.00198524       0.00198524       0.00198524       0.00198524       0.00198524       0.00198524       0.00198524       0.00198524       0.00198524       0.00198524       0.00198524       0.00198524       0.00198524       0.00198524       0.00198524       0.00198524       0.00198524       0.00198524
       0.00198524       0.00198524       0.00198524       0.00198524       0.00198524       0.00198524       0.00198524       0.00198524       0.00198524       0.00198524       0.00198524       0.00198524       0.00198524       0.00198524       0.00198524       0.00198524       0.00198524       0.00198524       0.00198524       0.00198524
       0.00198524       0.00198524       0.00198524       0.00198524       0.00198524       0.00198524       0.00198524       0.00198524       0.00198524       0.00198524       0.00198524       0.00198524       0.00198524       0.00198524       0.00198524       0.00198524       0.00198524       0.00198524       0.00198524       0.00198524
