       0.00282775       0.00282775       0.00282775       0.00282775       0.00282775       0.00282775       0.00282775       0.00282775       0.00282775       0.00282775       0.00282775       0.00282775       0.00282775       0.00282775       0.00282775       0.00282775       0.00282775       0.00282775       0.00282775       0.00282775
       0.00282775       0.00282775       0.00282775       0.00282775       0.00282775       0.00282775       0.00282775       0.00282775       0.00282775       0.00282775       0.00282775       0.00282775       0.00282775       0.00282775       0.00282775       0.00282775       0.00282775       0.00282775       0.00282775       0.00282775
       0.00282775       0.00282775       0.00282775       0.00282775       0.00282775       0.00282775       0.00282775       0.00282775       0.00282775       0.00282775       0.00282775       0.00282775       0.00282775       0.00282775       0.00282775       0.00282775       0.00282775       0.00282775       0.00282775       0.00282775
       0.00282775       0.00282775       0.00282775       0.00282775       0.00282775       0.00282775       0.00282775       0.00282775       0.00282775       0.00282775       0.00282775       0.00282775       0.00282775       0.00282775       0.00282775       0.00282775       0.00282775       0.00282775       0.00282775       0.00282775
       0.00282775       0.00282775       0.00282775       0.00282775       0.00282775       0.00282775       0.00282775       0.00282775       0.00282775       0.00282775       0.00282775       0.00282775       0.00282775       0.00282775       0.00282775       0.00282775       0.00282775       0.00282775       0.00282775       0.00282775
       0.00282775       0.00282775       0.00282775       0.00282775       0.00282775       0.00282775       0.00282775       0.00282775       0.00282775       0.00282775       0.00282775       0.00282775       0.00282775       0.00282775       0.00282775       0.00282775       0.00282775       0.00282775       0.00282775       0.00282775
       0.00282775       0.00282775       0.00282775       0.00282775       0.00282775       0.00282775       0.00282775       0.00282775       0.00282775       0.00282775       0.00282775       0.00282775       0.00282775       0.00282775       0.00282775       0.00282775       0.00282775       0.00282775       0.00282775       0.00282775
       0.00282775       0.00282775       0.00282775       0.00282775       0.00282775       0.00282775       0.00282775       0.00282775       0.00282775       0.00282775       0.00282775       0.00282775       0.00282775       0.00282775       0.00282775       0.00282775       0.00282775       0.00282775       0.00282775       0.00282775
       0.00282775       0.00282775       0.00282775       0.00282775       0.00282775       0.00282775       0.00282775       0.00282775       0.00282775       0.00282775       0.00282775       0.00282775       0.00282775       0.00282775       0.00282775       0.00282775       0.00282775       0.00282775       0.00282775       0.00282775
       0.00282775       0.00282775       0.00282775       0.00282775       0.00282775       0.00282775       0.00282775       0.00282775       0.00282775       0.00282775       0.00282775       0.00282775       0.00282775       0.00282775       0.00282775       0.00282775       0.00282775       0.00282775       0.00282775       0.00282775
       0.00282775       0.00282775       0.00282775       0.00282775       0.00282775       0.00282775       0.00282775       0.00282775       0.00282775       0.00282775       0.00282775       0.00282775       0.00282775       0.00282775       0.00282775       0.00282775       0.00282775       0.00282775       0.00282775       0.00282775
       0.00282775       0.00282775       0.00282775       0.00282775       0.00282775       0.00282775       0.00282775       0.00282775       0.00282775       0.00282775       0.00282775       0.00282775       0.00282775       0.00282775       0.00282775       0.00282775       0.00282775       0.00282775       0.00282775       0.00282775
       0.00282775       0.00282775       0.00282775       0.00282775       0.00282775       0.00282775       0.00282775       0.00282775       0.00282775       0.00282775       0.00282775       0.00282775       0.00282775       0.00282775       0.00282775       0.00282775       0.00282775       0.00282775       0.00282775       0.00282775
       0.00282775       0.00282775       0.00282775       0.00282775       0.00282775       0.00282775       0.00282775       0.00282775       0.00282775       0.00282775       0.00282775       0.00282775       0.00282775       0.00282775       0.00282775       0.00282775       0.00282775       0.00282775       0.00282775       0.00282775
       0.00282775       0.00282775       0.00282775       0.00282775       0.00282775       0.00282775       0.00282775       0.00282775       0.00282775       0.00282775       0.00282775       0.00282775       0.00282775       0.00282775       0.00282775       0.00282775       0.00282775       0.00282775       0.00282775       0.00282775
       0.00282775       0.00282775       0.00282775       0.00282775       0.00282775       0.00282775       0.00282775       0.00282775       0.00282775       0.00282775       0.00282775       0.00282775       0.00282775       0.00282775       0.00282775       0.00282775       0.00282775       0.00282775       0.00282775       0.00282775
       0.00282775       0.00282775       0.00282775       0.00282775       0.00282775       0.00282775       0.00282775       0.00282775       0.00282775       0.00282775       0.00282775       0.00282775       0.00282775       0.00282775       0.00282775       0.00282775       0.00282775       0.00282775       0.00282775       0.00282775
       0.00282775       0.00282775       0.00282775       0.00282775       0.00282775       0.00282775       0.00282775       0.00282775       0.00282775       0.00282775       0.00282775       0.00282775       0.00282775       0.00282775       0.00282775       0.00282775       0.00282775       0.00282775       0.00282775       0.00282775
       0.00282775       0.00282775       0.00282775       0.00282775       0.00282775       0.00282775       0.00282775       0.00282775       0.00282775       0.00282775       0.00282775       0.00282775       0.00282775       0.00282775       0.00282775       0.00282775       0.00282775       0.00282775       0.00282775       0.00282775
       0.00282775       0.00282775       0.00282775       0.00282775       0.00282775       0.00282775       0.00282775       0.00282775       0.00282775       0.00282775       0.00282775       0.00282775       0.00282775       0.00282775       0.00282775       0.00282775       0.00282775       0.00282775       0.00282775       0.00282775
       0.00282775       0.00282775       0.00282775       0.00282775       0.00282775       0.00282775       0.00282775       0.00282775       0.00282775       0.00282775       0.00282775       0.00282775       0.00282775       0.00282775       0.00282775       0.00282775       0.00282775       0.00282775       0.00282775       0.00282775
       0.00282775       0.00282775       0.00282775       0.00282775       0.00282775       0.00282775       0.00282775       0.00282775       0.00282775       0.00282775       0.00282775       0.00282775       0.00282775       0.00282775       0.00282775       0.00282775       0.00282775       0.00282775       0.00282775       0.00282775
       0.00282775       0.00282775       0.00282775       0.00282775       0.00282775       0.00282775       0.00282775       0.00282775       0.00282775       0.00282775       0.00282775       0.00282775       0.00282775       0.00282775       0.00282775       0.00282775       0.00282775       0.00282775       0.00282775       0.00282775
       0.00282775       0.00282775       0.00282775       0.00282775       0.00282775       0.00282775       0.00282775       0.00282775       0.00282775       0.00282775       0.00282775       0.00282775       0.00282775       0.00282775       0.00282775       0.00282775       0.00282775       0.00282775       0.00282775       0.00282775
       0.00282775       0.00282775       0.00282775       0.00282775       0.00282775       0.00282775       0.00282775       0.00282775       0.00282775       0.00282775       0.00282775       0.00282775       0.00282775       0.00282775       0.00282775       0.00282775       0.00282775       0.00282775       0.00282775       0.00282775
       0.00282775       0.00282775       0.00282775       0.00282775       0.00282775       0.00282775       0.00282775       0.00282775       0.00282775       0.00282775       0.00282775       0.00282775       0.00282775       0.00282775       0.00282775       0.00282775       0.00282775       0.00282775       0.00282775       0.00282775
       0.00282775       0.00282775       0.00282775       0.00282775       0.00282775       0.00282775       0.00282775       0.00282775       0.00282775       0.00282775       0.00282775       0.00282775       0.00282775       0.00282775       0.00282775       0.00282775       0.00282775       0.00282775       0.00282775       0.00282775
       0.00282775       0.00282775       0.00282775       0.00282775       0.00282775       0.00282775       0.00282775       0.00282775       0.00282775       0.00282775       0.00282775       0.00282775       0.00282775       0.00282775       0.00282775       0.00282775       0.00282775       0.00282775       0.00282775       0.00282775
       0.00282775       0.00282775       0.00282775       0.00282775       0.00282775       0.00282775       0.00282775       0.00282775       0.00282775       0.00282775       0.00282775       0.00282775       0.00282775       0.00282775       0.00282775       0.00282775       0.00282775       0.00282775       0.00282775       0.00282775
       0.00282775       0.00282775       0.00282775       0.00282775       0.00282775       0.00282775       0.00282775       0.00282775       0.00282775       0.00282775       0.00282775       0.00282775       0.00282775       0.00282775       0.00282775       0.00282775       0.00282775       0.00282775       0.00282775       0.00282775
       0.00282775       0.00282775       0.00282775       0.00282775       0.00282775       0.00282775       0.00282775       0.00282775       0.00282775       0.00282775       0.00282775       0.00282775       0.00282775       0.00282775       0.00282775       0.00282775       0.00282775       0.00282775       0.00282775       0.00282775
       0.00282775       0.00282775       0.00282775       0.00282775       0.00282775       0.00282775       0.00282775       0.00282775       0.00282775       0.00282775       0.00282775       0.00282775       0.00282775       0.00282775       0.00282775       0.00282775       0.00282775       0.00282775       0.00282775       0.00282775
       0.00282775       0.00282775       0.00282775       0.00282775       0.00282775       0.00282775       0.00282775       0.00282775       0.00282775       0.00282775       0.00282775       0.00282775       0.00282775       0.00282775       0.00282775       0.00282775       0.00282775       0.00282775       0.00282775       0.00282775
       0.00282775       0.00282775       0.00282775       0.00282775       0.00282775       0.00282775       0.00282775       0.00282775       0.00282775       0.00282775       0.00282775       0.00282775       0.00282775       0.00282775       0.00282775       0.00282775       0.00282775       0.00282775       0.00282775       0.00282775
       0.00282775       0.00282775       0.00282775       0.00282775       0.00282775       0.00282775       0.00282775       0.00282775       0.00282775       0.00282775       0.00282775       0.00282775       0.00282775       0.00282775       0.00282775       0.00282775       0.00282775       0.00282775       0.00282775       0.00282775
       0.00282775       0.00282775       0.00282775       0.00282775       0.00282775       0.00282775       0.00282775       0.00282775       0.00282775       0.00282775       0.00282775       0.00282775       0.00282775       0.00282775       0.00282775       0.00282775       0.00282775       0.00282775       0.00282775       0.00282775
       0.00282775       0.00282775       0.00282775       0.00282775       0.00282775       0.00282775       0.00282775       0.00282775       0.00282775       0.00282775       0.00282775       0.00282775       0.00282775       0.00282775       0.00282775       0.00282775       0.00282775       0.00282775       0.00282775       0.00282775
       0.00282775       0.00282775       0.00282775       0.00282775       0.00282775       0.00282775       0.00282775       0.00282775       0.00282775       0.00282775       0.00282775       0.00282775       0.00282775       0.00282775       0.00282775       0.00282775       0.00282775       0.00282775       0.00282775       0.00282775
       0.00282775       0.00282775       0.00282775       0.00282775       0.00282775       0.00282775       0.00282775       0.00282775       0.00282775       0.00282775       0.00282775       0.00282775       0.00282775       0.00282775       0.00282775       0.00282775       0.00282775       0.00282775       0.00282775       0.00282775
       0.00282775       0.00282775       0.00282775       0.00282775       0.00282775       0.00282775       0.00282775       0.00282775       0.00282775       0.00282775       0.00282775       0.00282775       0.00282775       0.00282775       0.00282775       0.00282775       0.00282775       0.00282775       0.00282775       0.00282775
