  1.66010840E-04  1.66010840E-04  1.66010840E-04  1.66010840E-04  1.66010840E-04  1.66010840E-04  1.66010840E-04  1.66010840E-04  1.66010840E-04  1.66010840E-04  1.66010840E-04  1.66010840E-04  1.66010840E-04  1.66010840E-04  1.66010840E-04  1.66010840E-04  1.66010840E-04  1.66010840E-04  1.66010840E-04  1.66010840E-04
  1.66010840E-04  1.66010840E-04  1.66010840E-04  1.66010840E-04  1.66010840E-04  1.66010840E-04  1.66010840E-04  1.66010840E-04  1.66010840E-04  1.66010840E-04  1.66010840E-04  1.66010840E-04  1.66010840E-04  1.66010840E-04  1.66010840E-04  1.66010840E-04  1.66010840E-04  1.66010840E-04  1.66010840E-04  1.66010840E-04
  1.66010840E-04  1.66010840E-04  1.66010840E-04  1.66010840E-04  1.66010840E-04  1.66010840E-04  1.66010840E-04  1.66010840E-04  1.66010840E-04  1.66010840E-04  1.66010840E-04  1.66010840E-04  1.66010840E-04  1.66010840E-04  1.66010840E-04  1.66010840E-04  1.66010840E-04  1.66010840E-04  1.66010840E-04  1.66010840E-04
  1.66010840E-04  1.66010840E-04  1.66010840E-04  1.66010840E-04  1.66010840E-04  1.66010840E-04  1.66010840E-04  1.66010840E-04  1.66010840E-04  1.66010840E-04  1.66010840E-04  1.66010840E-04  1.66010840E-04  1.66010840E-04  1.66010840E-04  1.66010840E-04  1.66010840E-04  1.66010840E-04  1.66010840E-04  1.66010840E-04
  1.66010840E-04  1.66010840E-04  1.66010840E-04  1.66010840E-04  1.66010840E-04  1.66010840E-04  1.66010840E-04  1.66010840E-04  1.66010840E-04  1.66010840E-04  1.66010840E-04  1.66010840E-04  1.66010840E-04  1.66010840E-04  1.66010840E-04  1.66010840E-04  1.66010840E-04  1.66010840E-04  1.66010840E-04  1.66010840E-04
  1.66010840E-04  1.66010840E-04  1.66010840E-04  1.66010840E-04  1.66010840E-04  1.66010840E-04  1.66010840E-04  1.66010840E-04  1.66010840E-04  1.66010840E-04  1.66010840E-04  1.66010840E-04  1.66010840E-04  1.66010840E-04  1.66010840E-04  1.66010840E-04  1.66010840E-04  1.66010840E-04  1.66010840E-04  1.66010840E-04
  1.66010840E-04  1.66010840E-04  1.66010840E-04  1.66010840E-04  1.66010840E-04  1.66010840E-04  1.66010840E-04  1.66010840E-04  1.66010840E-04  1.66010840E-04  1.66010840E-04  1.66010840E-04  1.66010840E-04  1.66010840E-04  1.66010840E-04  1.66010840E-04  1.66010840E-04  1.66010840E-04  1.66010840E-04  1.66010840E-04
  1.66010840E-04  1.66010840E-04  1.66010840E-04  1.66010840E-04  1.66010840E-04  1.66010840E-04  1.66010840E-04  1.66010840E-04  1.66010840E-04  1.66010840E-04  1.66010840E-04  1.66010840E-04  1.66010840E-04  1.66010840E-04  1.66010840E-04  1.66010840E-04  1.66010840E-04  1.66010840E-04  1.66010840E-04  1.66010840E-04
  1.66010840E-04  1.66010840E-04  1.66010840E-04  1.66010840E-04  1.66010840E-04  1.66010840E-04  1.66010840E-04  1.66010840E-04  1.66010840E-04  1.66010840E-04  1.66010840E-04  1.66010840E-04  1.66010840E-04  1.66010840E-04  1.66010840E-04  1.66010840E-04  1.66010840E-04  1.66010840E-04  1.66010840E-04  1.66010840E-04
  1.66010840E-04  1.66010840E-04  1.66010840E-04  1.66010840E-04  1.66010840E-04  1.66010840E-04  1.66010840E-04  1.66010840E-04  1.66010840E-04  1.66010840E-04  1.66010840E-04  1.66010840E-04  1.66010840E-04  1.66010840E-04  1.66010840E-04  1.66010840E-04  1.66010840E-04  1.66010840E-04  1.66010840E-04  1.66010840E-04
  1.66010840E-04  1.66010840E-04  1.66010840E-04  1.66010840E-04  1.66010840E-04  1.66010840E-04  1.66010840E-04  1.66010840E-04  1.66010840E-04  1.66010840E-04  1.66010840E-04  1.66010840E-04  1.66010840E-04  1.66010840E-04  1.66010840E-04  1.66010840E-04  1.66010840E-04  1.66010840E-04  1.66010840E-04  1.66010840E-04
  1.66010840E-04  1.66010840E-04  1.66010840E-04  1.66010840E-04  1.66010840E-04  1.66010840E-04  1.66010840E-04  1.66010840E-04  1.66010840E-04  1.66010840E-04  1.66010840E-04  1.66010840E-04  1.66010840E-04  1.66010840E-04  1.66010840E-04  1.66010840E-04  1.66010840E-04  1.66010840E-04  1.66010840E-04  1.66010840E-04
  1.66010840E-04  1.66010840E-04  1.66010840E-04  1.66010840E-04  1.66010840E-04  1.66010840E-04  1.66010840E-04  1.66010840E-04  1.66010840E-04  1.66010840E-04  1.66010840E-04  1.66010840E-04  1.66010840E-04  1.66010840E-04  1.66010840E-04  1.66010840E-04  1.66010840E-04  1.66010840E-04  1.66010840E-04  1.66010840E-04
  1.66010840E-04  1.66010840E-04  1.66010840E-04  1.66010840E-04  1.66010840E-04  1.66010840E-04  1.66010840E-04  1.66010840E-04  1.66010840E-04  1.66010840E-04  1.66010840E-04  1.66010840E-04  1.66010840E-04  1.66010840E-04  1.66010840E-04  1.66010840E-04  1.66010840E-04  1.66010840E-04  1.66010840E-04  1.66010840E-04
  1.66010840E-04  1.66010840E-04  1.66010840E-04  1.66010840E-04  1.66010840E-04  1.66010840E-04  1.66010840E-04  1.66010840E-04  1.66010840E-04  1.66010840E-04  1.66010840E-04  1.66010840E-04  1.66010840E-04  1.66010840E-04  1.66010840E-04  1.66010840E-04  1.66010840E-04  1.66010840E-04  1.66010840E-04  1.66010840E-04
  1.66010840E-04  1.66010840E-04  1.66010840E-04  1.66010840E-04  1.66010840E-04  1.66010840E-04  1.66010840E-04  1.66010840E-04  1.66010840E-04  1.66010840E-04  1.66010840E-04  1.66010840E-04  1.66010840E-04  1.66010840E-04  1.66010840E-04  1.66010840E-04  1.66010840E-04  1.66010840E-04  1.66010840E-04  1.66010840E-04
  1.66010840E-04  1.66010840E-04  1.66010840E-04  1.66010840E-04  1.66010840E-04  1.66010840E-04  1.66010840E-04  1.66010840E-04  1.66010840E-04  1.66010840E-04  1.66010840E-04  1.66010840E-04  1.66010840E-04  1.66010840E-04  1.66010840E-04  1.66010840E-04  1.66010840E-04  1.66010840E-04  1.66010840E-04  1.66010840E-04
  1.66010840E-04  1.66010840E-04  1.66010840E-04  1.66010840E-04  1.66010840E-04  1.66010840E-04  1.66010840E-04  1.66010840E-04  1.66010840E-04  1.66010840E-04  1.66010840E-04  1.66010840E-04  1.66010840E-04  1.66010840E-04  1.66010840E-04  1.66010840E-04  1.66010840E-04  1.66010840E-04  1.66010840E-04  1.66010840E-04
  1.66010840E-04  1.66010840E-04  1.66010840E-04  1.66010840E-04  1.66010840E-04  1.66010840E-04  1.66010840E-04  1.66010840E-04  1.66010840E-04  1.66010840E-04  1.66010840E-04  1.66010840E-04  1.66010840E-04  1.66010840E-04  1.66010840E-04  1.66010840E-04  1.66010840E-04  1.66010840E-04  1.66010840E-04  1.66010840E-04
  1.66010840E-04  1.66010840E-04  1.66010840E-04  1.66010840E-04  1.66010840E-04  1.66010840E-04  1.66010840E-04  1.66010840E-04  1.66010840E-04  1.66010840E-04  1.66010840E-04  1.66010840E-04  1.66010840E-04  1.66010840E-04  1.66010840E-04  1.66010840E-04  1.66010840E-04  1.66010840E-04  1.66010840E-04  1.66010840E-04
  1.66010840E-04  1.66010840E-04  1.66010840E-04  1.66010840E-04  1.66010840E-04  1.66010840E-04  1.66010840E-04  1.66010840E-04  1.66010840E-04  1.66010840E-04  1.66010840E-04  1.66010840E-04  1.66010840E-04  1.66010840E-04  1.66010840E-04  1.66010840E-04  1.66010840E-04  1.66010840E-04  1.66010840E-04  1.66010840E-04
  1.66010840E-04  1.66010840E-04  1.66010840E-04  1.66010840E-04  1.66010840E-04  1.66010840E-04  1.66010840E-04  1.66010840E-04  1.66010840E-04  1.66010840E-04  1.66010840E-04  1.66010840E-04  1.66010840E-04  1.66010840E-04  1.66010840E-04  1.66010840E-04  1.66010840E-04  1.66010840E-04  1.66010840E-04  1.66010840E-04
  1.66010840E-04  1.66010840E-04  1.66010840E-04  1.66010840E-04  1.66010840E-04  1.66010840E-04  1.66010840E-04  1.66010840E-04  1.66010840E-04  1.66010840E-04  1.66010840E-04  1.66010840E-04  1.66010840E-04  1.66010840E-04  1.66010840E-04  1.66010840E-04  1.66010840E-04  1.66010840E-04  1.66010840E-04  1.66010840E-04
  1.66010840E-04  1.66010840E-04  1.66010840E-04  1.66010840E-04  1.66010840E-04  1.66010840E-04  1.66010840E-04  1.66010840E-04  1.66010840E-04  1.66010840E-04  1.66010840E-04  1.66010840E-04  1.66010840E-04  1.66010840E-04  1.66010840E-04  1.66010840E-04  1.66010840E-04  1.66010840E-04  1.66010840E-04  1.66010840E-04
  1.66010840E-04  1.66010840E-04  1.66010840E-04  1.66010840E-04  1.66010840E-04  1.66010840E-04  1.66010840E-04  1.66010840E-04  1.66010840E-04  1.66010840E-04  1.66010840E-04  1.66010840E-04  1.66010840E-04  1.66010840E-04  1.66010840E-04  1.66010840E-04  1.66010840E-04  1.66010840E-04  1.66010840E-04  1.66010840E-04
  1.66010840E-04  1.66010840E-04  1.66010840E-04  1.66010840E-04  1.66010840E-04  1.66010840E-04  1.66010840E-04  1.66010840E-04  1.66010840E-04  1.66010840E-04  1.66010840E-04  1.66010840E-04  1.66010840E-04  1.66010840E-04  1.66010840E-04  1.66010840E-04  1.66010840E-04  1.66010840E-04  1.66010840E-04  1.66010840E-04
  1.66010840E-04  1.66010840E-04  1.66010840E-04  1.66010840E-04  1.66010840E-04  1.66010840E-04  1.66010840E-04  1.66010840E-04  1.66010840E-04  1.66010840E-04  1.66010840E-04  1.66010840E-04  1.66010840E-04  1.66010840E-04  1.66010840E-04  1.66010840E-04  1.66010840E-04  1.66010840E-04  1.66010840E-04  1.66010840E-04
  1.66010840E-04  1.66010840E-04  1.66010840E-04  1.66010840E-04  1.66010840E-04  1.66010840E-04  1.66010840E-04  1.66010840E-04  1.66010840E-04  1.66010840E-04  1.66010840E-04  1.66010840E-04  1.66010840E-04  1.66010840E-04  1.66010840E-04  1.66010840E-04  1.66010840E-04  1.66010840E-04  1.66010840E-04  1.66010840E-04
  1.66010840E-04  1.66010840E-04  1.66010840E-04  1.66010840E-04  1.66010840E-04  1.66010840E-04  1.66010840E-04  1.66010840E-04  1.66010840E-04  1.66010840E-04  1.66010840E-04  1.66010840E-04  1.66010840E-04  1.66010840E-04  1.66010840E-04  1.66010840E-04  1.66010840E-04  1.66010840E-04  1.66010840E-04  1.66010840E-04
  1.66010840E-04  1.66010840E-04  1.66010840E-04  1.66010840E-04  1.66010840E-04  1.66010840E-04  1.66010840E-04  1.66010840E-04  1.66010840E-04  1.66010840E-04  1.66010840E-04  1.66010840E-04  1.66010840E-04  1.66010840E-04  1.66010840E-04  1.66010840E-04  1.66010840E-04  1.66010840E-04  1.66010840E-04  1.66010840E-04
  1.66010840E-04  1.66010840E-04  1.66010840E-04  1.66010840E-04  1.66010840E-04  1.66010840E-04  1.66010840E-04  1.66010840E-04  1.66010840E-04  1.66010840E-04  1.66010840E-04  1.66010840E-04  1.66010840E-04  1.66010840E-04  1.66010840E-04  1.66010840E-04  1.66010840E-04  1.66010840E-04  1.66010840E-04  1.66010840E-04
  1.66010840E-04  1.66010840E-04  1.66010840E-04  1.66010840E-04  1.66010840E-04  1.66010840E-04  1.66010840E-04  1.66010840E-04  1.66010840E-04  1.66010840E-04  1.66010840E-04  1.66010840E-04  1.66010840E-04  1.66010840E-04  1.66010840E-04  1.66010840E-04  1.66010840E-04  1.66010840E-04  1.66010840E-04  1.66010840E-04
  1.66010840E-04  1.66010840E-04  1.66010840E-04  1.66010840E-04  1.66010840E-04  1.66010840E-04  1.66010840E-04  1.66010840E-04  1.66010840E-04  1.66010840E-04  1.66010840E-04  1.66010840E-04  1.66010840E-04  1.66010840E-04  1.66010840E-04  1.66010840E-04  1.66010840E-04  1.66010840E-04  1.66010840E-04  1.66010840E-04
  1.66010840E-04  1.66010840E-04  1.66010840E-04  1.66010840E-04  1.66010840E-04  1.66010840E-04  1.66010840E-04  1.66010840E-04  1.66010840E-04  1.66010840E-04  1.66010840E-04  1.66010840E-04  1.66010840E-04  1.66010840E-04  1.66010840E-04  1.66010840E-04  1.66010840E-04  1.66010840E-04  1.66010840E-04  1.66010840E-04
  1.66010840E-04  1.66010840E-04  1.66010840E-04  1.66010840E-04  1.66010840E-04  1.66010840E-04  1.66010840E-04  1.66010840E-04  1.66010840E-04  1.66010840E-04  1.66010840E-04  1.66010840E-04  1.66010840E-04  1.66010840E-04  1.66010840E-04  1.66010840E-04  1.66010840E-04  1.66010840E-04  1.66010840E-04  1.66010840E-04
  1.66010840E-04  1.66010840E-04  1.66010840E-04  1.66010840E-04  1.66010840E-04  1.66010840E-04  1.66010840E-04  1.66010840E-04  1.66010840E-04  1.66010840E-04  1.66010840E-04  1.66010840E-04  1.66010840E-04  1.66010840E-04  1.66010840E-04  1.66010840E-04  1.66010840E-04  1.66010840E-04  1.66010840E-04  1.66010840E-04
  1.66010840E-04  1.66010840E-04  1.66010840E-04  1.66010840E-04  1.66010840E-04  1.66010840E-04  1.66010840E-04  1.66010840E-04  1.66010840E-04  1.66010840E-04  1.66010840E-04  1.66010840E-04  1.66010840E-04  1.66010840E-04  1.66010840E-04  1.66010840E-04  1.66010840E-04  1.66010840E-04  1.66010840E-04  1.66010840E-04
  1.66010840E-04  1.66010840E-04  1.66010840E-04  1.66010840E-04  1.66010840E-04  1.66010840E-04  1.66010840E-04  1.66010840E-04  1.66010840E-04  1.66010840E-04  1.66010840E-04  1.66010840E-04  1.66010840E-04  1.66010840E-04  1.66010840E-04  1.66010840E-04  1.66010840E-04  1.66010840E-04  1.66010840E-04  1.66010840E-04
  1.66010840E-04  1.66010840E-04  1.66010840E-04  1.66010840E-04  1.66010840E-04  1.66010840E-04  1.66010840E-04  1.66010840E-04  1.66010840E-04  1.66010840E-04  1.66010840E-04  1.66010840E-04  1.66010840E-04  1.66010840E-04  1.66010840E-04  1.66010840E-04  1.66010840E-04  1.66010840E-04  1.66010840E-04  1.66010840E-04
  1.66010840E-04  1.66010840E-04  1.66010840E-04  1.66010840E-04  1.66010840E-04  1.66010840E-04  1.66010840E-04  1.66010840E-04  1.66010840E-04  1.66010840E-04  1.66010840E-04  1.66010840E-04  1.66010840E-04  1.66010840E-04  1.66010840E-04  1.66010840E-04  1.66010840E-04  1.66010840E-04  1.66010840E-04  1.66010840E-04
