      82.89816000      82.55453000      81.83059000      80.74738000      79.57133000      78.23472000      76.60267000      75.18917000      73.49837000      71.78362000      70.13630000      68.50579000      66.82411000      64.99277000      63.08947000      60.87250000      61.59850000      61.95562000      62.18390000      62.30803000
      82.97078000      82.58842000      81.86918000      80.75669000      79.61904000      78.25973000      76.62571000      75.11400000      73.45680000      71.65829000      70.01597000      68.40758000      66.73162000      64.90906000      63.06365000      60.83352000      61.55242000      61.91501000      62.14517000      62.26522000
      83.09040000      82.72834000      81.95885000      80.82298000      79.68931000      78.28282000      76.57042000      75.04138000      73.27795000      71.52067000      69.80112000      68.20896000      66.53194000      64.77792000      62.99237000      60.77150000      61.47600000      61.82779000      62.05814000      62.17901000
      83.28888000      82.92514000      82.15666000      80.98138000      79.75963000      78.32894000      76.51886000      74.86670000      73.12709000      71.14853000      69.45202000      67.88986000      66.26472000      64.59398000      62.81832000      60.69403000      61.38298000      61.70448000      61.92931000      62.04322000
      83.57011000      83.16989000      82.37741000      81.23266000      79.92173000      78.30110000      76.46477000      74.78688000      72.69178000      70.74547000      69.08002000      67.53950000      65.96222000      64.33810000      62.61197000      60.58301000      61.20226000      61.52702000      61.74154000      61.85635000
      83.87227000      83.53248000      82.71638000      81.52214000      80.10686000      78.38909000      76.44634000      74.33851000      72.36701000      70.29816000      68.53195000      67.08850000      65.57861000      64.01501000      62.36530000      60.40272000      60.98371000      61.27454000      61.50763000      61.63051000
      84.24797000      83.90146000      83.19605000      81.93086000      80.38435000      78.34891000      76.30219000      73.81459000      71.68978000      69.57754000      67.93608000      66.55699000      65.11824000      63.62222000      62.03986000      60.17112000      60.69418000      60.97910000      61.21320000      61.35182000
      84.83712000      84.48509000      83.86848000      82.71437000      80.66083000      78.38203000      75.95770000      72.98333000      70.65163000      68.70067000      67.23322000      65.94264000      64.58856000      63.13085000      61.63589000      59.87419000      60.26155000      60.60173000      60.88142000      61.05509000
      85.40026000      85.14888000      84.78307000      84.44160000  1.00000000E+30  1.00000000E+30  1.00000000E+30      70.98106000      69.02688000      67.65581000      66.46968000      65.25317000      63.95894000      62.59555000      61.17250000      59.47478000      59.57563000      60.10483000      60.53568000      60.75595000
      85.95288000      85.75627000      85.59763000      85.41734000  1.00000000E+30  1.00000000E+30  1.00000000E+30  1.00000000E+30      67.36397000      66.59112000      65.61278000      64.52966000      63.29035000      61.94251000      60.65995000      58.99958000      58.17091000      59.59805000      60.26342000      60.53318000
      86.31082000      86.20027000      86.09400000      86.03290000  1.00000000E+30  1.00000000E+30  1.00000000E+30  1.00000000E+30      66.17227000      65.63693000      64.84891000      63.84562000      62.56219000      61.12440000      60.20938000      59.00717000      59.17627000      59.77104000      60.22339000      60.45077000
      86.44680000      86.40029000      86.34715000      86.31034000  1.00000000E+30  1.00000000E+30  1.00000000E+30  1.00000000E+30      65.31230000      64.90435000      64.21282000      63.26923000      61.85534000      59.66664000      59.77123000      58.99435000      59.51765000      59.93717000      60.26611000      60.44371000
      86.41229000      86.37696000      86.34048000      86.31091000  1.00000000E+30  1.00000000E+30  1.00000000E+30  1.00000000E+30      64.70304000      64.36699000      63.75624000      62.94466000      61.87325000      60.65098000      59.97984000      59.06184000      59.66621000      60.04037000      60.31949000      60.46546000
      86.17512000      86.14690000      86.09290000      86.06280000  1.00000000E+30  1.00000000E+30  1.00000000E+30  1.00000000E+30      64.27646000      63.97325000      63.44544000      62.76686000      61.90805000      60.97800000      60.14506000      59.11094000      59.73931000      60.10013000      60.35290000      60.48312000
      85.71048000      85.69594000      85.64366000      85.61755000  1.00000000E+30  1.00000000E+30  1.00000000E+30  1.00000000E+30      63.95290000      63.68458000      63.21269000      62.62781000      61.88510000      61.05926000      60.20006000      59.12040000      59.76370000      60.11702000      60.35770000      60.48427000
      85.08701000      85.05350000      85.00042000      84.98875000  1.00000000E+30  1.00000000E+30  1.00000000E+30  1.00000000E+30      63.71323000      63.45240000      63.03725000      62.49442000      61.81138000      61.03075000      60.17990000      59.08488000      59.73586000      60.09461000      60.33782000      60.46291000
      84.20717000      84.12917000      84.13574000      84.16382000  1.00000000E+30  1.00000000E+30  1.00000000E+30  1.00000000E+30      63.53568000      63.30000000      62.87832000      62.35483000      61.69598000      60.93221000      60.09298000      59.01864000      59.66386000      60.03902000      60.28882000      60.41582000
      83.23738000      83.17210000      83.11018000      83.13336000  1.00000000E+30  1.00000000E+30  1.00000000E+30  1.00000000E+30      63.43003000      63.17386000      62.74450000      62.21486000      61.54330000      60.77280000      59.93808000      58.90906000      59.55720000      59.95094000      60.21365000      60.34776000
      82.07554000      82.02048000      81.92765000      81.93778000  1.00000000E+30  1.00000000E+30  1.00000000E+30  1.00000000E+30      63.37070000      63.09590000      62.63947000      62.07226000      61.36152000      60.53362000      59.66002000      58.74245000      59.41810000      59.84242000      60.12317000      60.27062000
      80.74656000      80.64254000      80.53306000      80.49888000  1.00000000E+30  1.00000000E+30  1.00000000E+30  1.00000000E+30      63.40032000      63.07210000      62.56805000      61.94693000      61.15354000      60.18994000      59.12947000      58.49251000      59.24818000      59.72371000      60.03389000      60.18504000
      79.24296000      79.15037000      79.02523000      78.85080000  1.00000000E+30  1.00000000E+30  1.00000000E+30  1.00000000E+30      63.55368000      63.12283000      62.54141000      61.85030000      60.97368000      59.79370000      57.89088000      58.18805000      59.09885000      59.62037000      59.94989000      60.10574000
      77.76264000      77.53349000      77.17699000      76.90704000  1.00000000E+30  1.00000000E+30      65.35426000      64.84622000      63.91906000      63.24893000      62.52326000      61.81046000      60.97334000      59.99659000      58.94530000      58.34746000      59.10226000      59.56910000      59.87976000      60.03590000
      76.07328000      75.82363000      75.35707000      74.57453000      72.94483000  1.00000000E+30      65.66774000      65.00467000      64.07102000      63.27163000      62.46158000      61.74418000      60.96797000      60.14707000      59.30290000      58.44571000      59.12170000      59.53872000      59.82427000      59.97206000
      74.63712000      74.27155000      73.70832000      72.77496000      71.14330000      68.57453000      66.46037000      65.13437000      64.12742000      63.14366000      62.28768000      61.58290000      60.88483000      60.15379000      59.39491000      58.46453000      59.11171000      59.49797000      59.77013000      59.90822000
      73.20619000      72.82925000      72.19800000      71.33189000      69.75067000      67.87262000      66.36192000      65.04456000      63.91099000      62.80469000      61.91822000      61.28251000      60.68846000      60.05458000      59.35282000      58.42430000      59.07019000      59.43931000      59.70096000      59.83277000
      71.88024000      71.53080000      70.94088000      69.83592000      68.57146000      67.18661000      65.89757000      64.61942000      63.45643000      62.31082000      61.20509000      60.81989000      60.40435000      59.87909000      59.24453000      58.34822000      58.98922000      59.35541000      59.61264000      59.74248000
      70.61621000      70.30358000      69.66946000      68.78443000      67.58659000      66.39144000      65.16307000      64.03973000      62.90784000      61.64904000      59.76250000      60.24758000      60.09240000      59.67206000      59.09885000      58.24824000      58.88846000      59.25264000      59.49610000      59.62738000
      69.53194000      69.19848000      68.56061000      67.71269000      66.58776000      65.44262000      64.27008000      63.30955000      62.41901000      61.47182000      60.51542000      60.22723000      59.91058000      59.47843000      58.93642000      58.13160000      58.76136000      59.12338000      59.36573000      59.49293000
      68.53190000      68.14046000      67.54488000      66.67930000      65.54909000      64.34198000      63.03811000      62.44915000      61.86355000      61.19213000      60.54307000      60.10498000      59.70480000      59.26018000      58.74677000      57.99528000      58.61069000      58.96901000      59.21136000      59.34082000
      67.60709000      67.21531000      66.56798000      65.68022000      64.61683000      63.19853000      61.02902000      61.52088000      61.24771000      60.76766000      60.25762000      59.81122000      59.39381000      58.97218000      58.50485000      57.83515000      58.42896000      58.78958000      59.03309000      59.16168000
      66.88594000      66.46709000      65.79936000      64.97088000      63.85939000      62.79648000      61.60018000      61.14677000      60.71875000      60.24763000      59.77637000      59.34989000      58.95653000      58.58606000      58.20211000      57.63979000      58.22261000      58.58304000      58.83130000      58.95998000
      66.47203000      65.81640000      65.07058000      64.05806000      63.18254000      62.22653000      61.29778000      60.63024000      60.12072000      59.61197000      59.13389000      58.70755000      58.34947000      58.06954000      57.81322000      57.40718000      57.97786000      58.35144000      58.60656000      58.74768000
  1.00000000E+30      65.13072000      64.28986000      63.26597000      62.37106000      61.45992000      60.60902000      59.92666000      59.33894000      58.80610000      58.30930000      57.86813000      57.50789000      57.38914000      57.32424000      57.12869000      57.69854000      58.09200000      58.36531000      58.51862000
  1.00000000E+30  1.00000000E+30      63.41030000      62.33131000      61.35134000      60.46306000      59.63981000      58.99459000      58.39598000      57.82550000      57.30859000      56.78746000      56.30294000      56.51035000      56.73394000      56.80968000      57.38501000      57.80059000      58.10813000      58.29912000
  1.00000000E+30  1.00000000E+30  1.00000000E+30      61.31371000      60.08117000      59.21698000      58.50883000      57.86803000      57.23808000      56.70888000      56.18582000      55.51094000      54.28368000      55.47365000      56.08483000      56.46019000      57.03173000      57.47400000      57.81446000      58.13194000
  1.00000000E+30  1.00000000E+30  1.00000000E+30  1.00000000E+30      58.42469000      57.72072000      57.03197000      56.39126000      55.87862000      55.44509000      55.04630000      54.67440000      54.40387000      54.90240000      55.49568000      56.09554000      56.64163000      57.09302000      57.39451000  1.00000000E+30
  1.00000000E+30  1.00000000E+30  1.00000000E+30  1.00000000E+30      57.34282000      56.01792000      55.27973000      54.67094000      54.29539000      53.99150000      53.73946000      53.58917000      53.63664000      54.07426000      54.76133000      55.67218000      56.20978000      56.72107000      57.13080000  1.00000000E+30
  1.00000000E+30  1.00000000E+30  1.00000000E+30  1.00000000E+30  1.00000000E+30      53.40053000      53.04989000      52.74053000      52.52731000      52.32456000      52.19664000      52.17571000      52.33200000      52.80187000      53.69587000      55.15320000      55.71840000      56.29171000  1.00000000E+30  1.00000000E+30
  1.00000000E+30  1.00000000E+30  1.00000000E+30  1.00000000E+30  1.00000000E+30      50.85355000      50.78818000      50.64082000      50.51400000      50.41493000      50.36078000      50.39184000      50.54664000      50.95982000      51.96442000      54.59760000      55.16246000  1.00000000E+30  1.00000000E+30  1.00000000E+30
  1.00000000E+30  1.00000000E+30  1.00000000E+30  1.00000000E+30  1.00000000E+30      48.00182000      48.00038000      48.00163000      48.00029000      48.00000000      48.00034000      48.00067000      48.00302000      48.00902000      48.01997000      48.01997000  1.00000000E+30  1.00000000E+30  1.00000000E+30  1.00000000E+30
