      86.35225000      85.99430000      85.24020000      84.11185000      82.88680000      81.49450000      79.79445000      78.32205000      76.56080000      74.77460000      73.05865000      71.36020000      69.60845000      67.70080000      65.71820000      63.40885000      64.16510000      64.53710000      64.77490000      64.90420000
      86.42790000      86.02960000      85.28040000      84.12155000      82.93650000      81.52055000      79.81845000      78.24375000      76.51750000      74.64405000      72.93330000      71.25790000      69.51210000      67.61360000      65.69130000      63.36825000      64.11710000      64.49480000      64.73455000      64.85960000
      86.55250000      86.17535000      85.37380000      84.19060000      83.00970000      81.54460000      79.76085000      78.16810000      76.33120000      74.50070000      72.70950000      71.05100000      69.30410000      67.47700000      65.61705000      63.30365000      64.03750000      64.40395000      64.64390000      64.76980000
      86.75925000      86.38035000      85.57985000      84.35560000      83.08295000      81.59265000      79.70715000      77.98615000      76.17405000      74.11305000      72.34585000      70.71860000      69.02575000      67.28540000      65.43575000      63.22295000      63.94060000      64.27550000      64.50970000      64.62835000
      87.05220000      86.63530000      85.80980000      84.61735000      83.25180000      81.56365000      79.65080000      77.90300000      75.72060000      73.69320000      71.95835000      70.35365000      68.71065000      67.01885000      65.22080000      63.10730000      63.75235000      64.09065000      64.31410000      64.43370000
      87.36695000      87.01300000      86.16290000      84.91890000      83.44465000      81.65530000      79.63160000      77.43595000      75.38230000      73.22725000      71.38745000      69.88385000      68.31105000      66.68230000      64.96385000      62.91950000      63.52470000      63.82765000      64.07045000      64.19845000
      87.75830000      87.39735000      86.66255000      85.34465000      83.73370000      81.61345000      79.48145000      76.89020000      74.67685000      72.47660000      70.76675000      69.33020000      67.83150000      66.27315000      64.62485000      62.67825000      63.22310000      63.51990000      63.76375000      63.90815000
      88.37200000      88.00530000      87.36300000      86.16080000      84.02170000      81.64795000      79.12260000      76.02430000      73.59545000      71.56320000      70.03460000      68.69025000      67.27975000      65.76130000      64.20405000      62.36895000      62.77245000      63.12680000      63.41815000      63.59905000
      88.95860000      88.69675000      88.31570000      87.96000000  1.00000000E+30  1.00000000E+30  1.00000000E+30      73.93860000      71.90300000      70.47480000      69.23925000      67.97205000      66.62390000      65.20370000      63.72135000      61.95290000      62.05795000      62.60920000      63.05800000      63.28745000
      89.53425000      89.32945000      89.16420000      88.97640000  1.00000000E+30  1.00000000E+30  1.00000000E+30  1.00000000E+30      70.17080000      69.36575000      68.34665000      67.21840000      65.92745000      64.52345000      63.18745000      61.45790000      60.59470000      62.08130000      62.77440000      63.05540000
      89.90710000      89.79195000      89.68125000      89.61760000  1.00000000E+30  1.00000000E+30  1.00000000E+30  1.00000000E+30      68.92945000      68.37180000      67.55095000      66.50585000      65.16895000      63.67125000      62.71810000      61.46580000      61.64195000      62.26150000      62.73270000      62.96955000
      90.04875000      90.00030000      89.94495000      89.90660000  1.00000000E+30  1.00000000E+30  1.00000000E+30  1.00000000E+30      68.03365000      67.60870000      66.88835000      65.90545000      64.43265000      62.15275000      62.26170000      61.45245000      61.99755000      62.43455000      62.77720000      62.96220000
      90.01280000      89.97600000      89.93800000      89.90720000  1.00000000E+30  1.00000000E+30  1.00000000E+30  1.00000000E+30      67.39900000      67.04895000      66.41275000      65.56735000      64.45130000      63.17810000      62.47900000      61.52275000      62.15230000      62.54205000      62.83280000      62.98485000
      89.76575000      89.73635000      89.68010000      89.64875000  1.00000000E+30  1.00000000E+30  1.00000000E+30  1.00000000E+30      66.95465000      66.63880000      66.08900000      65.38215000      64.48755000      63.51875000      62.65110000      61.57390000      62.22845000      62.60430000      62.86760000      63.00325000
      89.28175000      89.26660000      89.21215000      89.18495000  1.00000000E+30  1.00000000E+30  1.00000000E+30  1.00000000E+30      66.61760000      66.33810000      65.84655000      65.23730000      64.46365000      63.60340000      62.70840000      61.58375000      62.25385000      62.62190000      62.87260000      63.00445000
      88.63230000      88.59740000      88.54210000      88.52995000  1.00000000E+30  1.00000000E+30  1.00000000E+30  1.00000000E+30      66.36795000      66.09625000      65.66380000      65.09835000      64.38685000      63.57370000      62.68740000      61.54675000      62.22485000      62.59855000      62.85190000      62.98220000
      87.71580000      87.63455000      87.64140000      87.67065000  1.00000000E+30  1.00000000E+30  1.00000000E+30  1.00000000E+30      66.18300000      65.93750000      65.49825000      64.95295000      64.26665000      63.47105000      62.59685000      61.47775000      62.14985000      62.54065000      62.80085000      62.93315000
      86.70560000      86.63760000      86.57310000      86.59725000  1.00000000E+30  1.00000000E+30  1.00000000E+30  1.00000000E+30      66.07295000      65.80610000      65.35885000      64.80715000      64.10760000      63.30500000      62.43550000      61.36360000      62.03875000      62.44890000      62.72255000      62.86225000
      85.49535000      85.43800000      85.34130000      85.35185000  1.00000000E+30  1.00000000E+30  1.00000000E+30  1.00000000E+30      66.01115000      65.72490000      65.24945000      64.65860000      63.91825000      63.05585000      62.14585000      61.19005000      61.89385000      62.33585000      62.62830000      62.78190000
      84.11100000      84.00265000      83.88860000      83.85300000  1.00000000E+30  1.00000000E+30  1.00000000E+30  1.00000000E+30      66.04200000      65.70010000      65.17505000      64.52805000      63.70160000      62.69785000      61.59320000      60.92970000      61.71685000      62.21220000      62.53530000      62.69275000
      82.54475000      82.44830000      82.31795000      82.13625000  1.00000000E+30  1.00000000E+30  1.00000000E+30  1.00000000E+30      66.20175000      65.75295000      65.14730000      64.42740000      63.51425000      62.28510000      60.30300000      60.61255000      61.56130000      62.10455000      62.44780000      62.61015000
      81.00275000      80.76405000      80.39270000      80.11150000  1.00000000E+30  1.00000000E+30      68.07735000      67.54815000      66.58235000      65.88430000      65.12840000      64.38590000      63.51390000      62.49645000      61.40135000      60.77860000      61.56485000      62.05115000      62.37475000      62.53740000
      79.24300000      78.98295000      78.49695000      77.68180000      75.98420000  1.00000000E+30      68.40390000      67.71320000      66.74065000      65.90795000      65.06415000      64.31685000      63.50830000      62.65320000      61.77385000      60.88095000      61.58510000      62.01950000      62.31695000      62.47090000
      77.74700000      77.36620000      76.77950000      75.80725000      74.10760000      71.43180000      69.22955000      67.84830000      66.79940000      65.77465000      64.88300000      64.14885000      63.42170000      62.66020000      61.86970000      60.90055000      61.57470000      61.97705000      62.26055000      62.40440000
      76.25645000      75.86380000      75.20625000      74.30405000      72.65695000      70.70065000      69.12700000      67.75475000      66.57395000      65.42155000      64.49815000      63.83595000      63.21715000      62.55685000      61.82585000      60.85865000      61.53145000      61.91595000      62.18850000      62.32580000
      74.87525000      74.51125000      73.89675000      72.74575000      71.42860000      69.98605000      68.64330000      67.31190000      66.10045000      64.90710000      63.75530000      63.35405000      62.92120000      62.37405000      61.71305000      60.77940000      61.44710000      61.82855000      62.09650000      62.23175000
      73.55855000      73.23290000      72.57235000      71.65045000      70.40270000      69.15775000      67.87820000      66.70805000      65.52900000      64.21775000      62.25260000      62.75790000      62.59625000      62.15840000      61.56130000      60.67525000      61.34215000      61.72150000      61.97510000      62.11185000
      72.42910000      72.08175000      71.41730000      70.53405000      69.36225000      68.16940000      66.94800000      65.94745000      65.01980000      64.03315000      63.03690000      62.73670000      62.40685000      61.95670000      61.39210000      60.55375000      61.20975000      61.58685000      61.83930000      61.97180000
      71.38740000      70.97965000      70.35925000      69.45760000      68.28030000      67.02290000      65.66470000      65.05120000      64.44120000      63.74180000      63.06570000      62.60935000      62.19250000      61.72935000      61.19455000      60.41175000      61.05280000      61.42605000      61.67850000      61.81335000
      70.42405000      70.01595000      69.34165000      68.41690000      67.30920000      65.83180000      63.57190000      64.08425000      63.79970000      63.29965000      62.76835000      62.30335000      61.86855000      61.42935000      60.94255000      60.24495000      60.86350000      61.23915000      61.49280000      61.62675000
      69.67285000      69.23655000      68.54100000      67.67800000      66.52020000      65.41300000      64.16685000      63.69455000      63.24870000      62.75795000      62.26705000      61.82280000      61.41305000      61.02715000      60.62720000      60.04145000      60.64855000      61.02400000      61.28260000      61.41665000
      69.24170000      68.55875000      67.78185000      66.72715000      65.81515000      64.81930000      63.85185000      63.15650000      62.62575000      62.09580000      61.59780000      61.15370000      60.78070000      60.48910000      60.22210000      59.79915000      60.39360000      60.78275000      61.04850000      61.19550000
  1.00000000E+30      67.84450000      66.96860000      65.90205000      64.96985000      64.02075000      63.13440000      62.42360000      61.81140000      61.25635000      60.73885000      60.27930000      59.90405000      59.78035000      59.71275000      59.50905000      60.10265000      60.51250000      60.79720000      60.95690000
  1.00000000E+30  1.00000000E+30      66.05240000      64.92845000      63.90765000      62.98235000      62.12480000      61.45270000      60.82915000      60.23490000      59.69645000      59.15360000      58.64890000      58.86495000      59.09785000      59.17675000      59.77605000      60.20895000      60.52930000      60.72825000
  1.00000000E+30  1.00000000E+30  1.00000000E+30      63.86845000      62.58455000      61.68435000      60.94670000      60.27920000      59.62300000      59.07175000      58.52690000      57.82390000      56.54550000      57.78505000      58.42170000      58.81270000      59.40805000      59.86875000      60.22340000      60.55410000
  1.00000000E+30  1.00000000E+30  1.00000000E+30  1.00000000E+30      60.85905000      60.12575000      59.40830000      58.74090000      58.20690000      57.75530000      57.33990000      56.95250000      56.67070000      57.19000000      57.80800000      58.43285000      59.00170000      59.47190000      59.78595000  1.00000000E+30
  1.00000000E+30  1.00000000E+30  1.00000000E+30  1.00000000E+30      59.73210000      58.35200000      57.58305000      56.94890000      56.55770000      56.24115000      55.97860000      55.82205000      55.87150000      56.32735000      57.04305000      57.99185000      58.55185000      59.08445000      59.51125000  1.00000000E+30
  1.00000000E+30  1.00000000E+30  1.00000000E+30  1.00000000E+30  1.00000000E+30      55.62555000      55.26030000      54.93805000      54.71595000      54.50475000      54.37150000      54.34970000      54.51250000      55.00195000      55.93320000      57.45125000      58.04000000      58.63720000  1.00000000E+30  1.00000000E+30
  1.00000000E+30  1.00000000E+30  1.00000000E+30  1.00000000E+30  1.00000000E+30      52.97245000      52.90435000      52.75085000      52.61875000      52.51555000      52.45915000      52.49150000      52.65275000      53.08315000      54.12960000      56.87250000      57.46090000  1.00000000E+30  1.00000000E+30  1.00000000E+30
  1.00000000E+30  1.00000000E+30  1.00000000E+30  1.00000000E+30  1.00000000E+30      50.00190000      50.00040000      50.00170000      50.00030000      50.00000000      50.00035000      50.00070000      50.00315000      50.00940000      50.02080000      50.02080000  1.00000000E+30  1.00000000E+30  1.00000000E+30  1.00000000E+30
