       0.00124298       0.00124298       0.00124298       0.00124298       0.00124298       0.00124298       0.00124298       0.00124298       0.00124298       0.00124298       0.00124298       0.00124298       0.00124298       0.00124298       0.00124298       0.00124298       0.00124298       0.00124298       0.00124298       0.00124298
       0.00124298       0.00124298       0.00124298       0.00124298       0.00124298       0.00124298       0.00124298       0.00124298       0.00124298       0.00124298       0.00124298       0.00124298       0.00124298       0.00124298       0.00124298       0.00124298       0.00124298       0.00124298       0.00124298       0.00124298
       0.00124298       0.00124298       0.00124298       0.00124298       0.00124298       0.00124298       0.00124298       0.00124298       0.00124298       0.00124298       0.00124298       0.00124298       0.00124298       0.00124298       0.00124298       0.00124298       0.00124298       0.00124298       0.00124298       0.00124298
       0.00124298       0.00124298       0.00124298       0.00124298       0.00124298       0.00124298       0.00124298       0.00124298       0.00124298       0.00124298       0.00124298       0.00124298       0.00124298       0.00124298       0.00124298       0.00124298       0.00124298       0.00124298       0.00124298       0.00124298
       0.00124298       0.00124298       0.00124298       0.00124298       0.00124298       0.00124298       0.00124298       0.00124298       0.00124298       0.00124298       0.00124298       0.00124298       0.00124298       0.00124298       0.00124298       0.00124298       0.00124298       0.00124298       0.00124298       0.00124298
       0.00124298       0.00124298       0.00124298       0.00124298       0.00124298       0.00124298       0.00124298       0.00124298       0.00124298       0.00124298       0.00124298       0.00124298       0.00124298       0.00124298       0.00124298       0.00124298       0.00124298       0.00124298       0.00124298       0.00124298
       0.00124298       0.00124298       0.00124298       0.00124298       0.00124298       0.00124298       0.00124298       0.00124298       0.00124298       0.00124298       0.00124298       0.00124298       0.00124298       0.00124298       0.00124298       0.00124298       0.00124298       0.00124298       0.00124298       0.00124298
       0.00124298       0.00124298       0.00124298       0.00124298       0.00124298       0.00124298       0.00124298       0.00124298       0.00124298       0.00124298       0.00124298       0.00124298       0.00124298       0.00124298       0.00124298       0.00124298       0.00124298       0.00124298       0.00124298       0.00124298
       0.00124298       0.00124298       0.00124298       0.00124298       0.00124298       0.00124298       0.00124298       0.00124298       0.00124298       0.00124298       0.00124298       0.00124298       0.00124298       0.00124298       0.00124298       0.00124298       0.00124298       0.00124298       0.00124298       0.00124298
       0.00124298       0.00124298       0.00124298       0.00124298       0.00124298       0.00124298       0.00124298       0.00124298       0.00124298       0.00124298       0.00124298       0.00124298       0.00124298       0.00124298       0.00124298       0.00124298       0.00124298       0.00124298       0.00124298       0.00124298
       0.00124298       0.00124298       0.00124298       0.00124298       0.00124298       0.00124298       0.00124298       0.00124298       0.00124298       0.00124298       0.00124298       0.00124298       0.00124298       0.00124298       0.00124298       0.00124298       0.00124298       0.00124298       0.00124298       0.00124298
       0.00124298       0.00124298       0.00124298       0.00124298       0.00124298       0.00124298       0.00124298       0.00124298       0.00124298       0.00124298       0.00124298       0.00124298       0.00124298       0.00124298       0.00124298       0.00124298       0.00124298       0.00124298       0.00124298       0.00124298
       0.00124298       0.00124298       0.00124298       0.00124298       0.00124298       0.00124298       0.00124298       0.00124298       0.00124298       0.00124298       0.00124298       0.00124298       0.00124298       0.00124298       0.00124298       0.00124298       0.00124298       0.00124298       0.00124298       0.00124298
       0.00124298       0.00124298       0.00124298       0.00124298       0.00124298       0.00124298       0.00124298       0.00124298       0.00124298       0.00124298       0.00124298       0.00124298       0.00124298       0.00124298       0.00124298       0.00124298       0.00124298       0.00124298       0.00124298       0.00124298
       0.00124298       0.00124298       0.00124298       0.00124298       0.00124298       0.00124298       0.00124298       0.00124298       0.00124298       0.00124298       0.00124298       0.00124298       0.00124298       0.00124298       0.00124298       0.00124298       0.00124298       0.00124298       0.00124298       0.00124298
       0.00124298       0.00124298       0.00124298       0.00124298       0.00124298       0.00124298       0.00124298       0.00124298       0.00124298       0.00124298       0.00124298       0.00124298       0.00124298       0.00124298       0.00124298       0.00124298       0.00124298       0.00124298       0.00124298       0.00124298
       0.00124298       0.00124298       0.00124298       0.00124298       0.00124298       0.00124298       0.00124298       0.00124298       0.00124298       0.00124298       0.00124298       0.00124298       0.00124298       0.00124298       0.00124298       0.00124298       0.00124298       0.00124298       0.00124298       0.00124298
       0.00124298       0.00124298       0.00124298       0.00124298       0.00124298       0.00124298       0.00124298       0.00124298       0.00124298       0.00124298       0.00124298       0.00124298       0.00124298       0.00124298       0.00124298       0.00124298       0.00124298       0.00124298       0.00124298       0.00124298
       0.00124298       0.00124298       0.00124298       0.00124298       0.00124298       0.00124298       0.00124298       0.00124298       0.00124298       0.00124298       0.00124298       0.00124298       0.00124298       0.00124298       0.00124298       0.00124298       0.00124298       0.00124298       0.00124298       0.00124298
       0.00124298       0.00124298       0.00124298       0.00124298       0.00124298       0.00124298       0.00124298       0.00124298       0.00124298       0.00124298       0.00124298       0.00124298       0.00124298       0.00124298       0.00124298       0.00124298       0.00124298       0.00124298       0.00124298       0.00124298
       0.00124298       0.00124298       0.00124298       0.00124298       0.00124298       0.00124298       0.00124298       0.00124298       0.00124298       0.00124298       0.00124298       0.00124298       0.00124298       0.00124298       0.00124298       0.00124298       0.00124298       0.00124298       0.00124298       0.00124298
       0.00124298       0.00124298       0.00124298       0.00124298       0.00124298       0.00124298       0.00124298       0.00124298       0.00124298       0.00124298       0.00124298       0.00124298       0.00124298       0.00124298       0.00124298       0.00124298       0.00124298       0.00124298       0.00124298       0.00124298
       0.00124298       0.00124298       0.00124298       0.00124298       0.00124298       0.00124298       0.00124298       0.00124298       0.00124298       0.00124298       0.00124298       0.00124298       0.00124298       0.00124298       0.00124298       0.00124298       0.00124298       0.00124298       0.00124298       0.00124298
       0.00124298       0.00124298       0.00124298       0.00124298       0.00124298       0.00124298       0.00124298       0.00124298       0.00124298       0.00124298       0.00124298       0.00124298       0.00124298       0.00124298       0.00124298       0.00124298       0.00124298       0.00124298       0.00124298       0.00124298
       0.00124298       0.00124298       0.00124298       0.00124298       0.00124298       0.00124298       0.00124298       0.00124298       0.00124298       0.00124298       0.00124298       0.00124298       0.00124298       0.00124298       0.00124298       0.00124298       0.00124298       0.00124298       0.00124298       0.00124298
       0.00124298       0.00124298       0.00124298       0.00124298       0.00124298       0.00124298       0.00124298       0.00124298       0.00124298       0.00124298       0.00124298       0.00124298       0.00124298       0.00124298       0.00124298       0.00124298       0.00124298       0.00124298       0.00124298       0.00124298
       0.00124298       0.00124298       0.00124298       0.00124298       0.00124298       0.00124298       0.00124298       0.00124298       0.00124298       0.00124298       0.00124298       0.00124298       0.00124298       0.00124298       0.00124298       0.00124298       0.00124298       0.00124298       0.00124298       0.00124298
       0.00124298       0.00124298       0.00124298       0.00124298       0.00124298       0.00124298       0.00124298       0.00124298       0.00124298       0.00124298       0.00124298       0.00124298       0.00124298       0.00124298       0.00124298       0.00124298       0.00124298       0.00124298       0.00124298       0.00124298
       0.00124298       0.00124298       0.00124298       0.00124298       0.00124298       0.00124298       0.00124298       0.00124298       0.00124298       0.00124298       0.00124298       0.00124298       0.00124298       0.00124298       0.00124298       0.00124298       0.00124298       0.00124298       0.00124298       0.00124298
       0.00124298       0.00124298       0.00124298       0.00124298       0.00124298       0.00124298       0.00124298       0.00124298       0.00124298       0.00124298       0.00124298       0.00124298       0.00124298       0.00124298       0.00124298       0.00124298       0.00124298       0.00124298       0.00124298       0.00124298
       0.00124298       0.00124298       0.00124298       0.00124298       0.00124298       0.00124298       0.00124298       0.00124298       0.00124298       0.00124298       0.00124298       0.00124298       0.00124298       0.00124298       0.00124298       0.00124298       0.00124298       0.00124298       0.00124298       0.00124298
       0.00124298       0.00124298       0.00124298       0.00124298       0.00124298       0.00124298       0.00124298       0.00124298       0.00124298       0.00124298       0.00124298       0.00124298       0.00124298       0.00124298       0.00124298       0.00124298       0.00124298       0.00124298       0.00124298       0.00124298
       0.00124298       0.00124298       0.00124298       0.00124298       0.00124298       0.00124298       0.00124298       0.00124298       0.00124298       0.00124298       0.00124298       0.00124298       0.00124298       0.00124298       0.00124298       0.00124298       0.00124298       0.00124298       0.00124298       0.00124298
       0.00124298       0.00124298       0.00124298       0.00124298       0.00124298       0.00124298       0.00124298       0.00124298       0.00124298       0.00124298       0.00124298       0.00124298       0.00124298       0.00124298       0.00124298       0.00124298       0.00124298       0.00124298       0.00124298       0.00124298
       0.00124298       0.00124298       0.00124298       0.00124298       0.00124298       0.00124298       0.00124298       0.00124298       0.00124298       0.00124298       0.00124298       0.00124298       0.00124298       0.00124298       0.00124298       0.00124298       0.00124298       0.00124298       0.00124298       0.00124298
       0.00124298       0.00124298       0.00124298       0.00124298       0.00124298       0.00124298       0.00124298       0.00124298       0.00124298       0.00124298       0.00124298       0.00124298       0.00124298       0.00124298       0.00124298       0.00124298       0.00124298       0.00124298       0.00124298       0.00124298
       0.00124298       0.00124298       0.00124298       0.00124298       0.00124298       0.00124298       0.00124298       0.00124298       0.00124298       0.00124298       0.00124298       0.00124298       0.00124298       0.00124298       0.00124298       0.00124298       0.00124298       0.00124298       0.00124298       0.00124298
       0.00124298       0.00124298       0.00124298       0.00124298       0.00124298       0.00124298       0.00124298       0.00124298       0.00124298       0.00124298       0.00124298       0.00124298       0.00124298       0.00124298       0.00124298       0.00124298       0.00124298       0.00124298       0.00124298       0.00124298
       0.00124298       0.00124298       0.00124298       0.00124298       0.00124298       0.00124298       0.00124298       0.00124298       0.00124298       0.00124298       0.00124298       0.00124298       0.00124298       0.00124298       0.00124298       0.00124298       0.00124298       0.00124298       0.00124298       0.00124298
       0.00124298       0.00124298       0.00124298       0.00124298       0.00124298       0.00124298       0.00124298       0.00124298       0.00124298       0.00124298       0.00124298       0.00124298       0.00124298       0.00124298       0.00124298       0.00124298       0.00124298       0.00124298       0.00124298       0.00124298
