  1.69932000E-04  1.69932000E-04  1.69932000E-04  1.69932000E-04  1.69932000E-04  1.69932000E-04  1.69932000E-04  1.69932000E-04  1.69932000E-04  1.69932000E-04  1.69932000E-04  1.69932000E-04  1.69932000E-04  1.69932000E-04  1.69932000E-04  1.69932000E-04  1.69932000E-04  1.69932000E-04  1.69932000E-04  1.69932000E-04
  1.69932000E-04  1.69932000E-04  1.69932000E-04  1.69932000E-04  1.69932000E-04  1.69932000E-04  1.69932000E-04  1.69932000E-04  1.69932000E-04  1.69932000E-04  1.69932000E-04  1.69932000E-04  1.69932000E-04  1.69932000E-04  1.69932000E-04  1.69932000E-04  1.69932000E-04  1.69932000E-04  1.69932000E-04  1.69932000E-04
  1.69932000E-04  1.69932000E-04  1.69932000E-04  1.69932000E-04  1.69932000E-04  1.69932000E-04  1.69932000E-04  1.69932000E-04  1.69932000E-04  1.69932000E-04  1.69932000E-04  1.69932000E-04  1.69932000E-04  1.69932000E-04  1.69932000E-04  1.69932000E-04  1.69932000E-04  1.69932000E-04  1.69932000E-04  1.69932000E-04
  1.69932000E-04  1.69932000E-04  1.69932000E-04  1.69932000E-04  1.69932000E-04  1.69932000E-04  1.69932000E-04  1.69932000E-04  1.69932000E-04  1.69932000E-04  1.69932000E-04  1.69932000E-04  1.69932000E-04  1.69932000E-04  1.69932000E-04  1.69932000E-04  1.69932000E-04  1.69932000E-04  1.69932000E-04  1.69932000E-04
  1.69932000E-04  1.69932000E-04  1.69932000E-04  1.69932000E-04  1.69932000E-04  1.69932000E-04  1.69932000E-04  1.69932000E-04  1.69932000E-04  1.69932000E-04  1.69932000E-04  1.69932000E-04  1.69932000E-04  1.69932000E-04  1.69932000E-04  1.69932000E-04  1.69932000E-04  1.69932000E-04  1.69932000E-04  1.69932000E-04
  1.69932000E-04  1.69932000E-04  1.69932000E-04  1.69932000E-04  1.69932000E-04  1.69932000E-04  1.69932000E-04  1.69932000E-04  1.69932000E-04  1.69932000E-04  1.69932000E-04  1.69932000E-04  1.69932000E-04  1.69932000E-04  1.69932000E-04  1.69932000E-04  1.69932000E-04  1.69932000E-04  1.69932000E-04  1.69932000E-04
  1.69932000E-04  1.69932000E-04  1.69932000E-04  1.69932000E-04  1.69932000E-04  1.69932000E-04  1.69932000E-04  1.69932000E-04  1.69932000E-04  1.69932000E-04  1.69932000E-04  1.69932000E-04  1.69932000E-04  1.69932000E-04  1.69932000E-04  1.69932000E-04  1.69932000E-04  1.69932000E-04  1.69932000E-04  1.69932000E-04
  1.69932000E-04  1.69932000E-04  1.69932000E-04  1.69932000E-04  1.69932000E-04  1.69932000E-04  1.69932000E-04  1.69932000E-04  1.69932000E-04  1.69932000E-04  1.69932000E-04  1.69932000E-04  1.69932000E-04  1.69932000E-04  1.69932000E-04  1.69932000E-04  1.69932000E-04  1.69932000E-04  1.69932000E-04  1.69932000E-04
  1.69932000E-04  1.69932000E-04  1.69932000E-04  1.69932000E-04  1.69932000E-04  1.69932000E-04  1.69932000E-04  1.69932000E-04  1.69932000E-04  1.69932000E-04  1.69932000E-04  1.69932000E-04  1.69932000E-04  1.69932000E-04  1.69932000E-04  1.69932000E-04  1.69932000E-04  1.69932000E-04  1.69932000E-04  1.69932000E-04
  1.69932000E-04  1.69932000E-04  1.69932000E-04  1.69932000E-04  1.69932000E-04  1.69932000E-04  1.69932000E-04  1.69932000E-04  1.69932000E-04  1.69932000E-04  1.69932000E-04  1.69932000E-04  1.69932000E-04  1.69932000E-04  1.69932000E-04  1.69932000E-04  1.69932000E-04  1.69932000E-04  1.69932000E-04  1.69932000E-04
  1.69932000E-04  1.69932000E-04  1.69932000E-04  1.69932000E-04  1.69932000E-04  1.69932000E-04  1.69932000E-04  1.69932000E-04  1.69932000E-04  1.69932000E-04  1.69932000E-04  1.69932000E-04  1.69932000E-04  1.69932000E-04  1.69932000E-04  1.69932000E-04  1.69932000E-04  1.69932000E-04  1.69932000E-04  1.69932000E-04
  1.69932000E-04  1.69932000E-04  1.69932000E-04  1.69932000E-04  1.69932000E-04  1.69932000E-04  1.69932000E-04  1.69932000E-04  1.69932000E-04  1.69932000E-04  1.69932000E-04  1.69932000E-04  1.69932000E-04  1.69932000E-04  1.69932000E-04  1.69932000E-04  1.69932000E-04  1.69932000E-04  1.69932000E-04  1.69932000E-04
  1.69932000E-04  1.69932000E-04  1.69932000E-04  1.69932000E-04  1.69932000E-04  1.69932000E-04  1.69932000E-04  1.69932000E-04  1.69932000E-04  1.69932000E-04  1.69932000E-04  1.69932000E-04  1.69932000E-04  1.69932000E-04  1.69932000E-04  1.69932000E-04  1.69932000E-04  1.69932000E-04  1.69932000E-04  1.69932000E-04
  1.69932000E-04  1.69932000E-04  1.69932000E-04  1.69932000E-04  1.69932000E-04  1.69932000E-04  1.69932000E-04  1.69932000E-04  1.69932000E-04  1.69932000E-04  1.69932000E-04  1.69932000E-04  1.69932000E-04  1.69932000E-04  1.69932000E-04  1.69932000E-04  1.69932000E-04  1.69932000E-04  1.69932000E-04  1.69932000E-04
  1.69932000E-04  1.69932000E-04  1.69932000E-04  1.69932000E-04  1.69932000E-04  1.69932000E-04  1.69932000E-04  1.69932000E-04  1.69932000E-04  1.69932000E-04  1.69932000E-04  1.69932000E-04  1.69932000E-04  1.69932000E-04  1.69932000E-04  1.69932000E-04  1.69932000E-04  1.69932000E-04  1.69932000E-04  1.69932000E-04
  1.69932000E-04  1.69932000E-04  1.69932000E-04  1.69932000E-04  1.69932000E-04  1.69932000E-04  1.69932000E-04  1.69932000E-04  1.69932000E-04  1.69932000E-04  1.69932000E-04  1.69932000E-04  1.69932000E-04  1.69932000E-04  1.69932000E-04  1.69932000E-04  1.69932000E-04  1.69932000E-04  1.69932000E-04  1.69932000E-04
  1.69932000E-04  1.69932000E-04  1.69932000E-04  1.69932000E-04  1.69932000E-04  1.69932000E-04  1.69932000E-04  1.69932000E-04  1.69932000E-04  1.69932000E-04  1.69932000E-04  1.69932000E-04  1.69932000E-04  1.69932000E-04  1.69932000E-04  1.69932000E-04  1.69932000E-04  1.69932000E-04  1.69932000E-04  1.69932000E-04
  1.69932000E-04  1.69932000E-04  1.69932000E-04  1.69932000E-04  1.69932000E-04  1.69932000E-04  1.69932000E-04  1.69932000E-04  1.69932000E-04  1.69932000E-04  1.69932000E-04  1.69932000E-04  1.69932000E-04  1.69932000E-04  1.69932000E-04  1.69932000E-04  1.69932000E-04  1.69932000E-04  1.69932000E-04  1.69932000E-04
  1.69932000E-04  1.69932000E-04  1.69932000E-04  1.69932000E-04  1.69932000E-04  1.69932000E-04  1.69932000E-04  1.69932000E-04  1.69932000E-04  1.69932000E-04  1.69932000E-04  1.69932000E-04  1.69932000E-04  1.69932000E-04  1.69932000E-04  1.69932000E-04  1.69932000E-04  1.69932000E-04  1.69932000E-04  1.69932000E-04
  1.69932000E-04  1.69932000E-04  1.69932000E-04  1.69932000E-04  1.69932000E-04  1.69932000E-04  1.69932000E-04  1.69932000E-04  1.69932000E-04  1.69932000E-04  1.69932000E-04  1.69932000E-04  1.69932000E-04  1.69932000E-04  1.69932000E-04  1.69932000E-04  1.69932000E-04  1.69932000E-04  1.69932000E-04  1.69932000E-04
  1.69932000E-04  1.69932000E-04  1.69932000E-04  1.69932000E-04  1.69932000E-04  1.69932000E-04  1.69932000E-04  1.69932000E-04  1.69932000E-04  1.69932000E-04  1.69932000E-04  1.69932000E-04  1.69932000E-04  1.69932000E-04  1.69932000E-04  1.69932000E-04  1.69932000E-04  1.69932000E-04  1.69932000E-04  1.69932000E-04
  1.69932000E-04  1.69932000E-04  1.69932000E-04  1.69932000E-04  1.69932000E-04  1.69932000E-04  1.69932000E-04  1.69932000E-04  1.69932000E-04  1.69932000E-04  1.69932000E-04  1.69932000E-04  1.69932000E-04  1.69932000E-04  1.69932000E-04  1.69932000E-04  1.69932000E-04  1.69932000E-04  1.69932000E-04  1.69932000E-04
  1.69932000E-04  1.69932000E-04  1.69932000E-04  1.69932000E-04  1.69932000E-04  1.69932000E-04  1.69932000E-04  1.69932000E-04  1.69932000E-04  1.69932000E-04  1.69932000E-04  1.69932000E-04  1.69932000E-04  1.69932000E-04  1.69932000E-04  1.69932000E-04  1.69932000E-04  1.69932000E-04  1.69932000E-04  1.69932000E-04
  1.69932000E-04  1.69932000E-04  1.69932000E-04  1.69932000E-04  1.69932000E-04  1.69932000E-04  1.69932000E-04  1.69932000E-04  1.69932000E-04  1.69932000E-04  1.69932000E-04  1.69932000E-04  1.69932000E-04  1.69932000E-04  1.69932000E-04  1.69932000E-04  1.69932000E-04  1.69932000E-04  1.69932000E-04  1.69932000E-04
  1.69932000E-04  1.69932000E-04  1.69932000E-04  1.69932000E-04  1.69932000E-04  1.69932000E-04  1.69932000E-04  1.69932000E-04  1.69932000E-04  1.69932000E-04  1.69932000E-04  1.69932000E-04  1.69932000E-04  1.69932000E-04  1.69932000E-04  1.69932000E-04  1.69932000E-04  1.69932000E-04  1.69932000E-04  1.69932000E-04
  1.69932000E-04  1.69932000E-04  1.69932000E-04  1.69932000E-04  1.69932000E-04  1.69932000E-04  1.69932000E-04  1.69932000E-04  1.69932000E-04  1.69932000E-04  1.69932000E-04  1.69932000E-04  1.69932000E-04  1.69932000E-04  1.69932000E-04  1.69932000E-04  1.69932000E-04  1.69932000E-04  1.69932000E-04  1.69932000E-04
  1.69932000E-04  1.69932000E-04  1.69932000E-04  1.69932000E-04  1.69932000E-04  1.69932000E-04  1.69932000E-04  1.69932000E-04  1.69932000E-04  1.69932000E-04  1.69932000E-04  1.69932000E-04  1.69932000E-04  1.69932000E-04  1.69932000E-04  1.69932000E-04  1.69932000E-04  1.69932000E-04  1.69932000E-04  1.69932000E-04
  1.69932000E-04  1.69932000E-04  1.69932000E-04  1.69932000E-04  1.69932000E-04  1.69932000E-04  1.69932000E-04  1.69932000E-04  1.69932000E-04  1.69932000E-04  1.69932000E-04  1.69932000E-04  1.69932000E-04  1.69932000E-04  1.69932000E-04  1.69932000E-04  1.69932000E-04  1.69932000E-04  1.69932000E-04  1.69932000E-04
  1.69932000E-04  1.69932000E-04  1.69932000E-04  1.69932000E-04  1.69932000E-04  1.69932000E-04  1.69932000E-04  1.69932000E-04  1.69932000E-04  1.69932000E-04  1.69932000E-04  1.69932000E-04  1.69932000E-04  1.69932000E-04  1.69932000E-04  1.69932000E-04  1.69932000E-04  1.69932000E-04  1.69932000E-04  1.69932000E-04
  1.69932000E-04  1.69932000E-04  1.69932000E-04  1.69932000E-04  1.69932000E-04  1.69932000E-04  1.69932000E-04  1.69932000E-04  1.69932000E-04  1.69932000E-04  1.69932000E-04  1.69932000E-04  1.69932000E-04  1.69932000E-04  1.69932000E-04  1.69932000E-04  1.69932000E-04  1.69932000E-04  1.69932000E-04  1.69932000E-04
  1.69932000E-04  1.69932000E-04  1.69932000E-04  1.69932000E-04  1.69932000E-04  1.69932000E-04  1.69932000E-04  1.69932000E-04  1.69932000E-04  1.69932000E-04  1.69932000E-04  1.69932000E-04  1.69932000E-04  1.69932000E-04  1.69932000E-04  1.69932000E-04  1.69932000E-04  1.69932000E-04  1.69932000E-04  1.69932000E-04
  1.69932000E-04  1.69932000E-04  1.69932000E-04  1.69932000E-04  1.69932000E-04  1.69932000E-04  1.69932000E-04  1.69932000E-04  1.69932000E-04  1.69932000E-04  1.69932000E-04  1.69932000E-04  1.69932000E-04  1.69932000E-04  1.69932000E-04  1.69932000E-04  1.69932000E-04  1.69932000E-04  1.69932000E-04  1.69932000E-04
  1.69932000E-04  1.69932000E-04  1.69932000E-04  1.69932000E-04  1.69932000E-04  1.69932000E-04  1.69932000E-04  1.69932000E-04  1.69932000E-04  1.69932000E-04  1.69932000E-04  1.69932000E-04  1.69932000E-04  1.69932000E-04  1.69932000E-04  1.69932000E-04  1.69932000E-04  1.69932000E-04  1.69932000E-04  1.69932000E-04
  1.69932000E-04  1.69932000E-04  1.69932000E-04  1.69932000E-04  1.69932000E-04  1.69932000E-04  1.69932000E-04  1.69932000E-04  1.69932000E-04  1.69932000E-04  1.69932000E-04  1.69932000E-04  1.69932000E-04  1.69932000E-04  1.69932000E-04  1.69932000E-04  1.69932000E-04  1.69932000E-04  1.69932000E-04  1.69932000E-04
  1.69932000E-04  1.69932000E-04  1.69932000E-04  1.69932000E-04  1.69932000E-04  1.69932000E-04  1.69932000E-04  1.69932000E-04  1.69932000E-04  1.69932000E-04  1.69932000E-04  1.69932000E-04  1.69932000E-04  1.69932000E-04  1.69932000E-04  1.69932000E-04  1.69932000E-04  1.69932000E-04  1.69932000E-04  1.69932000E-04
  1.69932000E-04  1.69932000E-04  1.69932000E-04  1.69932000E-04  1.69932000E-04  1.69932000E-04  1.69932000E-04  1.69932000E-04  1.69932000E-04  1.69932000E-04  1.69932000E-04  1.69932000E-04  1.69932000E-04  1.69932000E-04  1.69932000E-04  1.69932000E-04  1.69932000E-04  1.69932000E-04  1.69932000E-04  1.69932000E-04
  1.69932000E-04  1.69932000E-04  1.69932000E-04  1.69932000E-04  1.69932000E-04  1.69932000E-04  1.69932000E-04  1.69932000E-04  1.69932000E-04  1.69932000E-04  1.69932000E-04  1.69932000E-04  1.69932000E-04  1.69932000E-04  1.69932000E-04  1.69932000E-04  1.69932000E-04  1.69932000E-04  1.69932000E-04  1.69932000E-04
  1.69932000E-04  1.69932000E-04  1.69932000E-04  1.69932000E-04  1.69932000E-04  1.69932000E-04  1.69932000E-04  1.69932000E-04  1.69932000E-04  1.69932000E-04  1.69932000E-04  1.69932000E-04  1.69932000E-04  1.69932000E-04  1.69932000E-04  1.69932000E-04  1.69932000E-04  1.69932000E-04  1.69932000E-04  1.69932000E-04
  1.69932000E-04  1.69932000E-04  1.69932000E-04  1.69932000E-04  1.69932000E-04  1.69932000E-04  1.69932000E-04  1.69932000E-04  1.69932000E-04  1.69932000E-04  1.69932000E-04  1.69932000E-04  1.69932000E-04  1.69932000E-04  1.69932000E-04  1.69932000E-04  1.69932000E-04  1.69932000E-04  1.69932000E-04  1.69932000E-04
  1.69932000E-04  1.69932000E-04  1.69932000E-04  1.69932000E-04  1.69932000E-04  1.69932000E-04  1.69932000E-04  1.69932000E-04  1.69932000E-04  1.69932000E-04  1.69932000E-04  1.69932000E-04  1.69932000E-04  1.69932000E-04  1.69932000E-04  1.69932000E-04  1.69932000E-04  1.69932000E-04  1.69932000E-04  1.69932000E-04
